B_loc(T)	f(B_loc)
File: FieldSweep 3.50K.txt
lambda = 1.789e+05
1.00000000e-06	1.68157598e+01
2.89953623e-03	1.68157598e+01
5.79807246e-03	2.04860868e+01
8.69660870e-03	2.03536519e+01
1.15951449e-02	1.76859925e+01
1.44936812e-02	1.44114995e+01
1.73922174e-02	1.06515541e+01
2.02907536e-02	7.33242791e+00
2.31892899e-02	5.03184595e+00
2.60878261e-02	3.62237297e+00
2.89863623e-02	2.79849991e+00
3.18848986e-02	2.50157221e+00
3.47834348e-02	2.48469161e+00
3.76819710e-02	2.63179337e+00
4.05805072e-02	2.90660574e+00
4.34790435e-02	3.28946812e+00
4.63775797e-02	3.77313444e+00
4.92761159e-02	4.31822007e+00
5.21746522e-02	4.92107689e+00
5.50731884e-02	5.49862501e+00
5.79717246e-02	6.03061770e+00
6.08702609e-02	6.50414388e+00
6.37687971e-02	6.98217223e+00
6.66673333e-02	7.46447537e+00
6.95658696e-02	7.97722163e+00
7.24644058e-02	8.51911030e+00
7.53629420e-02	9.07571550e+00
7.82614783e-02	9.62083328e+00
8.11600145e-02	1.01548722e+01
8.40585507e-02	1.06782111e+01
8.69570870e-02	1.11912018e+01
8.98556232e-02	1.16767050e+01
9.27541594e-02	1.21355972e+01
9.56526957e-02	1.25687001e+01
9.85512319e-02	1.29622261e+01
1.01449768e-01	1.33173310e+01
1.04348304e-01	1.36351040e+01
1.07246841e-01	1.39165740e+01
1.10145377e-01	1.41985920e+01
1.13043913e-01	1.44811121e+01
1.15942449e-01	1.47640898e+01
1.18840986e-01	1.50202844e+01
1.21739522e-01	1.52503306e+01
1.24638058e-01	1.54548320e+01
1.27536594e-01	1.56343642e+01
1.30435130e-01	1.57456579e+01
1.33333667e-01	1.57902426e+01
1.36232203e-01	1.57695812e+01
1.39130739e-01	1.56747507e+01
1.42029275e-01	1.55073143e+01
1.44927812e-01	1.52687721e+01
1.47826348e-01	1.49543189e+01
1.50724884e-01	1.45976989e+01
1.53623420e-01	1.41997128e+01
1.56521957e-01	1.37611308e+01
1.59420493e-01	1.32974368e+01
1.62319029e-01	1.28090562e+01
1.65217565e-01	1.22963989e+01
1.68116101e-01	1.17494027e+01
1.71014638e-01	1.12196084e+01
1.73913174e-01	1.07066404e+01
1.76811710e-01	1.02101341e+01
1.79710246e-01	9.75084772e+00
1.82608783e-01	9.32806192e+00
1.85507319e-01	8.94107814e+00
1.88405855e-01	8.62466312e+00
1.91304391e-01	8.37756815e+00
1.94202928e-01	8.19857990e+00
1.97101464e-01	8.08651878e+00
2.00000000e-01	8.03097724e+00
