B_loc(T)	f(B_loc)
File: FieldSweep 4.50K.txt
lambda = 4.535e+05
1.00000000e-06	7.83522662e+00
2.89953623e-03	1.46457128e+01
5.79807246e-03	1.94067182e+01
8.69660870e-03	2.07753005e+01
1.15951449e-02	1.89959510e+01
1.44936812e-02	1.53714704e+01
1.73922174e-02	1.10173747e+01
2.02907536e-02	6.89936427e+00
2.31892899e-02	3.63684794e+00
2.60878261e-02	1.47574675e+00
2.89863623e-02	3.35222906e-01
3.18848986e-02	6.17950446e-21
3.47834348e-02	1.33830533e-01
3.76819710e-02	5.84116517e-01
4.05805072e-02	1.21350275e+00
4.34790435e-02	1.92330594e+00
4.63775797e-02	2.63948043e+00
4.92761159e-02	3.31097722e+00
5.21746522e-02	3.91028871e+00
5.50731884e-02	4.43206530e+00
5.79717246e-02	4.87994100e+00
6.08702609e-02	5.27284909e+00
6.37687971e-02	5.63592302e+00
6.66673333e-02	5.98252372e+00
6.95658696e-02	6.31478748e+00
7.24644058e-02	6.62689161e+00
7.53629420e-02	6.90539872e+00
7.82614783e-02	7.14882255e+00
8.11600145e-02	7.35665076e+00
8.40585507e-02	7.52931969e+00
8.69570870e-02	7.66819137e+00
8.98556232e-02	7.77553252e+00
9.27541594e-02	7.86014124e+00
9.56526957e-02	7.93714441e+00
9.85512319e-02	8.02780798e+00
1.01449768e-01	8.14664413e+00
1.04348304e-01	8.30162504e+00
1.07246841e-01	8.49438494e+00
1.10145377e-01	8.72041134e+00
1.13043913e-01	8.97504279e+00
1.15942449e-01	9.25348552e+00
1.18840986e-01	9.55082951e+00
1.21739522e-01	9.85888418e+00
1.24638058e-01	1.01662745e+01
1.27536594e-01	1.04585329e+01
1.30435130e-01	1.07181872e+01
1.33333667e-01	1.09301495e+01
1.36232203e-01	1.10816761e+01
1.39130739e-01	1.11623300e+01
1.42029275e-01	1.11623074e+01
1.44927812e-01	1.10724396e+01
1.47826348e-01	1.08841958e+01
1.50724884e-01	1.05938724e+01
1.53623420e-01	1.02058651e+01
1.56521957e-01	9.73252178e+00
1.59420493e-01	9.19400193e+00
1.62319029e-01	8.60977604e+00
1.65217565e-01	7.99865683e+00
1.68116101e-01	7.37882956e+00
1.71014638e-01	6.77087682e+00
1.73913174e-01	6.18442547e+00
1.76811710e-01	5.61836455e+00
1.79710246e-01	5.06105651e+00
1.82608783e-01	4.50223026e+00
1.85507319e-01	3.93298096e+00
1.88405855e-01	3.34577032e+00
1.91304391e-01	2.73468819e+00
1.94202928e-01	2.09544920e+00
1.97101464e-01	1.42538962e+00
2.00000000e-01	7.23464838e-01
