B_loc(T)	f(B_loc)
File: FieldSweep 5.50K.txt
lambda = 5.722e+05
1.00000000e-06	5.08629206e+00
2.89953623e-03	9.59295911e+00
5.79807246e-03	1.29403761e+01
8.69660870e-03	1.42377399e+01
1.15951449e-02	1.34978836e+01
1.44936812e-02	1.13360764e+01
1.73922174e-02	8.42137722e+00
2.02907536e-02	5.46587671e+00
2.31892899e-02	3.00254357e+00
2.60878261e-02	1.28743029e+00
2.89863623e-02	3.34318487e-01
3.18848986e-02	9.74510201e-16
3.47834348e-02	1.30878381e-18
3.76819710e-02	1.40198214e-01
4.05805072e-02	3.99714367e-01
4.34790435e-02	7.29185080e-01
4.63775797e-02	1.08666422e+00
4.92761159e-02	1.43713086e+00
5.21746522e-02	1.75675293e+00
5.50731884e-02	2.03223047e+00
5.79717246e-02	2.26912208e+00
6.08702609e-02	2.47861724e+00
6.37687971e-02	2.67103593e+00
6.66673333e-02	2.85562765e+00
6.95658696e-02	3.04062476e+00
7.24644058e-02	3.22685346e+00
7.53629420e-02	3.40805009e+00
7.82614783e-02	3.58254741e+00
8.11600145e-02	3.74593065e+00
8.40585507e-02	3.89114624e+00
8.69570870e-02	4.00860288e+00
8.98556232e-02	4.08626604e+00
9.27541594e-02	4.11858805e+00
9.56526957e-02	4.10630160e+00
9.85512319e-02	4.05622633e+00
1.01449768e-01	3.97788757e+00
1.04348304e-01	3.88344047e+00
1.07246841e-01	3.78759862e+00
1.10145377e-01	3.70756667e+00
1.13043913e-01	3.65397117e+00
1.15942449e-01	3.63104369e+00
1.18840986e-01	3.63679480e+00
1.21739522e-01	3.66457212e+00
1.24638058e-01	3.70318360e+00
1.27536594e-01	3.73701528e+00
1.30435130e-01	3.74614375e+00
1.33333667e-01	3.72067941e+00
1.36232203e-01	3.66054336e+00
1.39130739e-01	3.57525396e+00
1.42029275e-01	3.47224501e+00
1.44927812e-01	3.35691835e+00
1.47826348e-01	3.23269458e+00
1.50724884e-01	3.10020057e+00
1.53623420e-01	2.95986482e+00
1.56521957e-01	2.81192849e+00
1.59420493e-01	2.65645617e+00
1.62319029e-01	2.49257205e+00
1.65217565e-01	2.31848436e+00
1.68116101e-01	2.13150917e+00
1.71014638e-01	1.92785203e+00
1.73913174e-01	1.70849007e+00
1.76811710e-01	1.47909174e+00
1.79710246e-01	1.24993922e+00
1.82608783e-01	1.02948672e+00
1.85507319e-01	8.24398964e-01
1.88405855e-01	6.39588683e-01
1.91304391e-01	4.77152464e-01
1.94202928e-01	3.36424145e-01
1.97101464e-01	2.14026744e-01
2.00000000e-01	1.03923002e-01
