B_loc(T)	f(B_loc)
File: FieldSweep 6.20K.txt
lambda = 1.789e+05
1.00000000e-06	1.06257396e+01
2.89953623e-03	1.06257396e+01
5.79807246e-03	1.31126674e+01
8.69660870e-03	1.31064971e+01
1.15951449e-02	1.14382292e+01
1.44936812e-02	9.20691222e+00
1.73922174e-02	6.52517279e+00
2.02907536e-02	4.38324544e+00
2.31892899e-02	2.86410450e+00
2.60878261e-02	1.88983014e+00
2.89863623e-02	1.28783633e+00
3.18848986e-02	1.02083547e+00
3.47834348e-02	9.13051536e-01
3.76819710e-02	8.80653830e-01
4.05805072e-02	9.86169443e-01
4.34790435e-02	1.12320739e+00
4.63775797e-02	1.28964591e+00
4.92761159e-02	1.44949131e+00
5.21746522e-02	1.60311875e+00
5.50731884e-02	1.80436783e+00
5.79717246e-02	2.02889038e+00
6.08702609e-02	2.28017799e+00
6.37687971e-02	2.55902224e+00
6.66673333e-02	2.86414581e+00
6.95658696e-02	3.14949561e+00
7.24644058e-02	3.41588569e+00
7.53629420e-02	3.66669863e+00
7.82614783e-02	3.88048234e+00
8.11600145e-02	4.05860546e+00
8.40585507e-02	4.20233880e+00
8.69570870e-02	4.31286539e+00
8.98556232e-02	4.38709232e+00
9.27541594e-02	4.42619039e+00
9.56526957e-02	4.43125721e+00
9.85512319e-02	4.40706695e+00
1.01449768e-01	4.35447787e+00
1.04348304e-01	4.27429914e+00
1.07246841e-01	4.16729490e+00
1.10145377e-01	4.04213206e+00
1.13043913e-01	3.89927986e+00
1.15942449e-01	3.73918322e+00
1.18840986e-01	3.56567281e+00
1.21739522e-01	3.37906485e+00
1.24638058e-01	3.17966023e+00
1.27536594e-01	2.96774558e+00
1.30435130e-01	2.76746523e+00
1.33333667e-01	2.57852758e+00
1.36232203e-01	2.40065296e+00
1.39130739e-01	2.22436570e+00
1.42029275e-01	2.04960321e+00
1.44927812e-01	1.87630484e+00
1.47826348e-01	1.70103662e+00
1.50724884e-01	1.52345674e+00
1.53623420e-01	1.34358271e+00
1.56521957e-01	1.16143083e+00
1.59420493e-01	9.88685057e-01
1.62319029e-01	8.25136933e-01
1.65217565e-01	6.70584775e-01
1.68116101e-01	5.24404392e-01
1.71014638e-01	3.93801689e-01
1.73913174e-01	2.78466697e-01
1.76811710e-01	1.78099006e-01
1.79710246e-01	1.01688441e-01
1.82608783e-01	4.87911412e-02
1.85507319e-01	1.89764179e-02
1.88405855e-01	2.79692251e-03
1.91304391e-01	9.49019573e-12
1.94202928e-01	3.94630714e-13
1.97101464e-01	1.75758003e-16
2.00000000e-01	1.46074886e-13
