B_loc(T)	f(B_loc)
File: FieldSweep 8.50K.txt
lambda = 7.221e+05
1.00000000e-06	5.32816277e+00
2.89953623e-03	1.00184591e+01
5.79807246e-03	1.34330227e+01
8.69660870e-03	1.50753910e+01
1.15951449e-02	1.50834088e+01
1.44936812e-02	1.40178004e+01
1.73922174e-02	1.23732868e+01
2.02907536e-02	1.05917908e+01
2.31892899e-02	9.00007228e+00
2.60878261e-02	7.76410094e+00
2.89863623e-02	6.90917422e+00
3.18848986e-02	6.40154453e+00
3.47834348e-02	6.15433470e+00
3.76819710e-02	6.08143339e+00
4.05805072e-02	6.11652845e+00
4.34790435e-02	6.20411872e+00
4.63775797e-02	6.29468909e+00
4.92761159e-02	6.34431412e+00
5.21746522e-02	6.32009203e+00
5.50731884e-02	6.19949751e+00
5.79717246e-02	5.97440337e+00
6.08702609e-02	5.65288304e+00
6.37687971e-02	5.24641245e+00
6.66673333e-02	4.77370805e+00
6.95658696e-02	4.26039991e+00
7.24644058e-02	3.72799685e+00
7.53629420e-02	3.19406440e+00
7.82614783e-02	2.67457576e+00
8.11600145e-02	2.18265969e+00
8.40585507e-02	1.72871296e+00
8.69570870e-02	1.32050493e+00
8.98556232e-02	9.63275210e-01
9.27541594e-02	6.61313272e-01
9.56526957e-02	4.17995617e-01
9.85512319e-02	2.35820876e-01
1.01449768e-01	1.12382486e-01
1.04348304e-01	4.05218720e-02
1.07246841e-01	8.47314340e-03
1.10145377e-01	1.73509671e-13
1.13043913e-01	6.21815132e-28
1.15942449e-01	6.15402322e-04
1.18840986e-01	1.10576511e-03
1.21739522e-01	1.10389364e-03
1.24638058e-01	6.12279338e-04
1.27536594e-01	6.60051265e-14
1.30435130e-01	1.13070222e-13
1.33333667e-01	8.46130747e-11
1.36232203e-01	6.88205749e-12
1.39130739e-01	6.15096767e-15
1.42029275e-01	4.73934232e-11
1.44927812e-01	3.47463820e-11
1.47826348e-01	5.72877244e-11
1.50724884e-01	5.77462700e-11
1.53623420e-01	6.38801855e-11
1.56521957e-01	3.13278773e-11
1.59420493e-01	3.55916556e-11
1.62319029e-01	3.93513916e-11
1.65217565e-01	4.74491209e-11
1.68116101e-01	4.47383975e-11
1.71014638e-01	4.87306642e-11
1.73913174e-01	5.24212811e-11
1.76811710e-01	2.80325762e-11
1.79710246e-01	2.74344193e-11
1.82608783e-01	2.46133799e-11
1.85507319e-01	4.29072429e-11
1.88405855e-01	2.81178226e-11
1.91304391e-01	2.16604895e-11
1.94202928e-01	2.38272512e-14
1.97101464e-01	1.80865005e-11
2.00000000e-01	9.96324539e-11
