B_loc(T)	f(B_loc)	error
File: FieldSweep 10.00K.txt
Method: Bootstrap (n=500)
lambda=2.257e+05
noise_std=2.325e+03
rel_err=0.1267
sigma_gauss=0.003640
edge_penalty_left=0
edge_penalty_right=40
edge_weight=10.0
1.00000000e-06	5.09609480e+01	1.43441798e+00
2.89953623e-03	9.49322395e+01	2.34780139e+00
5.79807246e-03	1.24924218e+02	2.36199166e+00
8.69660870e-03	1.36910820e+02	1.95546080e+00
1.15951449e-02	1.31656111e+02	1.88375100e+00
1.44936812e-02	1.13117639e+02	2.18788971e+00
1.73922174e-02	8.65780375e+01	2.50591353e+00
2.02907536e-02	5.83799807e+01	2.75614251e+00
2.31892899e-02	3.37404352e+01	2.81888214e+00
2.60878261e-02	1.55892098e+01	2.50543390e+00
2.89863623e-02	4.85512991e+00	1.73846014e+00
3.18848986e-02	5.65057770e-01	7.93866960e-01
3.47834348e-02	3.44011603e-02	2.92812247e-01
3.76819710e-02	8.13665547e-02	3.49768375e-01
4.05805072e-02	1.94969389e-01	6.10062553e-01
4.34790435e-02	2.98187129e-01	8.41147172e-01
4.63775797e-02	3.65571832e-01	9.61500070e-01
4.92761159e-02	3.93631972e-01	9.94045383e-01
5.21746522e-02	3.94915010e-01	9.88027743e-01
5.50731884e-02	3.92498617e-01	9.84407388e-01
5.79717246e-02	4.02015136e-01	9.97649173e-01
6.08702609e-02	4.27864364e-01	1.04272989e+00
6.37687971e-02	4.70202735e-01	1.11627483e+00
6.66673333e-02	5.31111380e-01	1.21209967e+00
6.95658696e-02	6.01022781e-01	1.32421102e+00
7.24644058e-02	6.60644288e-01	1.42339984e+00
7.53629420e-02	6.68565488e-01	1.43168913e+00
7.82614783e-02	5.86118332e-01	1.25687117e+00
8.11600145e-02	4.10315734e-01	8.83123651e-01
8.40585507e-02	1.85856853e-01	4.00990588e-01
8.69570870e-02	3.63187208e-03	7.62490327e-03
8.98556232e-02	2.22127922e-04	8.42048347e-04
9.27541594e-02	6.16188938e-04	1.48364767e-03
9.56526957e-02	7.23604680e-04	1.84940462e-03
9.85512319e-02	7.06326154e-04	1.81247685e-03
1.01449768e-01	6.83964884e-04	1.75598378e-03
1.04348304e-01	6.65331851e-04	1.69772617e-03
1.07246841e-01	7.69250426e-04	1.75390363e-03
1.10145377e-01	7.55758907e-04	1.72391843e-03
1.13043913e-01	7.32820748e-04	1.66982832e-03
1.15942449e-01	7.72561433e-04	1.83354478e-03
1.18840986e-01	7.58801380e-04	1.80727846e-03
1.21739522e-01	7.38692560e-04	1.75875011e-03
1.24638058e-01	7.23416232e-04	1.71753238e-03
1.27536594e-01	8.22967226e-04	1.96214850e-03
1.30435130e-01	8.11537335e-04	1.93613565e-03
1.33333667e-01	7.91556819e-04	1.88544387e-03
1.36232203e-01	8.48709931e-04	1.97931358e-03
1.39130739e-01	8.35777056e-04	1.95092221e-03
1.42029275e-01	8.14962980e-04	1.90244095e-03
1.44927812e-01	7.77253576e-04	1.81772180e-03
1.47826348e-01	8.58581487e-04	1.89743216e-03
1.50724884e-01	8.46900907e-04	1.87161889e-03
1.53623420e-01	8.26958063e-04	1.82481342e-03
1.56521957e-01	8.35712933e-04	1.74735511e-03
1.59420493e-01	8.23380686e-04	1.72009521e-03
1.62319029e-01	8.05047436e-04	1.68450603e-03
1.65217565e-01	7.58484659e-04	1.62623797e-03
1.68116101e-01	7.99116157e-04	1.71818251e-03
1.71014638e-01	7.88252974e-04	1.69863346e-03
1.73913174e-01	7.74930082e-04	1.66428291e-03
1.76811710e-01	8.53093147e-04	1.74913957e-03
1.79710246e-01	8.43458807e-04	1.73051653e-03
1.82608783e-01	8.27705567e-04	1.69334125e-03
1.85507319e-01	8.54786346e-04	1.69175862e-03
1.88405855e-01	8.43897349e-04	1.67149649e-03
1.91304391e-01	8.29638777e-04	1.64358887e-03
1.94202928e-01	8.16085155e-04	1.61275261e-03
1.97101464e-01	8.61182871e-04	1.65681594e-03
2.00000000e-01	8.29469747e-04	1.59592983e-03
