B_loc(T)	f(B_loc)	error
File: FieldSweep 10.50K.txt
Method: Bootstrap (n=100)
lambda=3.511e+04
noise_std=4.108e+03
rel_err=0.1454
sigma_gauss=0.003640
edge_penalty_left=0
edge_penalty_right=40
edge_weight=10.0
1.00000000e-06	1.46003192e+02	5.87744487e+00
4.08261224e-03	2.57320537e+02	8.79943418e+00
8.16422449e-03	2.99266187e+02	6.93045197e+00
1.22458367e-02	2.54536164e+02	4.55994409e+00
1.63274490e-02	1.57363566e+02	5.98952149e+00
2.04090612e-02	6.44886116e+01	7.49563550e+00
2.44906735e-02	1.18501210e+01	4.92891333e+00
2.85722857e-02	4.14583327e-03	4.12505202e-02
3.26538980e-02	2.65863929e-02	1.98260607e-01
3.67355102e-02	1.53057867e-01	5.38632615e-01
4.08171224e-02	1.69793713e-02	4.92532746e-02
4.48987347e-02	1.08035211e-02	3.16501459e-02
4.89803469e-02	1.33511493e-02	3.50770122e-02
5.30619592e-02	1.68824744e-02	4.09454258e-02
5.71435714e-02	1.95027597e-02	4.74394185e-02
6.12251837e-02	2.10057804e-02	5.00215383e-02
6.53067959e-02	2.37030180e-02	5.22681955e-02
6.93884082e-02	2.25572310e-02	4.95251246e-02
7.34700204e-02	2.56590317e-02	5.17205732e-02
7.75516327e-02	2.60049823e-02	5.08197159e-02
8.16332449e-02	2.45643662e-02	4.81563044e-02
8.57148571e-02	2.02262284e-02	4.49533440e-02
8.97964694e-02	1.92553395e-02	4.30296733e-02
9.38780816e-02	1.84036041e-02	4.08599274e-02
9.79596939e-02	1.83067326e-02	3.63685812e-02
1.02041306e-01	1.74763115e-02	3.47579560e-02
1.06122918e-01	1.37368081e-02	3.21303772e-02
1.10204531e-01	1.32168668e-02	3.09812227e-02
1.14286143e-01	1.27411682e-02	2.98672569e-02
1.18367755e-01	1.37923984e-02	3.18203664e-02
1.22449367e-01	1.33364813e-02	3.07909660e-02
1.26530980e-01	1.24713532e-02	2.83061223e-02
1.30612592e-01	1.20919962e-02	2.74653625e-02
1.34694204e-01	1.16410601e-02	2.64779727e-02
1.38775816e-01	1.01979221e-02	2.42292881e-02
1.42857429e-01	9.88614711e-03	2.34654534e-02
1.46939041e-01	9.88629229e-03	2.26515202e-02
1.51020653e-01	9.58926205e-03	2.19714538e-02
1.55102265e-01	8.29834578e-03	1.91526642e-02
1.59183878e-01	8.06965718e-03	1.84298074e-02
1.63265490e-01	7.85067874e-03	1.78451132e-02
1.67347102e-01	7.78013554e-03	1.57082523e-02
1.71428714e-01	7.64134184e-03	1.53967084e-02
1.75510327e-01	9.82788644e-03	1.79787231e-02
1.79591939e-01	9.69540176e-03	1.77657719e-02
1.83673551e-01	9.42388346e-03	1.71396554e-02
1.87755163e-01	9.50715247e-03	1.48442499e-02
1.91836776e-01	9.22241727e-03	1.44057941e-02
1.95918388e-01	6.95564629e-03	1.28709034e-02
2.00000000e-01	6.61057303e-03	1.22727811e-02
