B_loc(T)	f(B_loc)	error
File: FieldSweep 11.00K.txt
Method: Bootstrap (n=500)
lambda=7.055e+04
noise_std=2.585e+03
rel_err=0.0598
sigma_gauss=0.003640
edge_penalty_left=0
edge_penalty_right=40
edge_weight=10.0
1.00000000e-06	8.47574415e+01	2.47193593e+00
2.89953623e-03	1.55446025e+02	3.77461669e+00
5.79807246e-03	1.97996894e+02	3.12489574e+00
8.69660870e-03	2.02819391e+02	2.41239589e+00
1.15951449e-02	1.74591256e+02	3.06815991e+00
1.44936812e-02	1.27502667e+02	3.70778947e+00
1.73922174e-02	7.58127619e+01	3.97284859e+00
2.02907536e-02	3.38358817e+01	3.83824401e+00
2.31892899e-02	8.93041691e+00	2.58319576e+00
2.60878261e-02	2.98423854e-01	7.90824483e-01
2.89863623e-02	6.07304881e-03	1.05029741e-01
3.18848986e-02	1.01676699e-01	3.90442940e-01
3.47834348e-02	2.27794939e-01	8.14171650e-01
3.76819710e-02	3.08048695e-01	1.00040502e+00
4.05805072e-02	3.48110673e-01	1.01375163e+00
4.34790435e-02	3.73727239e-01	1.06512801e+00
4.63775797e-02	4.20123902e-01	1.20474880e+00
4.92761159e-02	4.63153601e-01	1.29499091e+00
5.21746522e-02	4.88607399e-01	1.26823273e+00
5.50731884e-02	5.21086856e-01	1.34823511e+00
5.79717246e-02	5.79344359e-01	1.57630490e+00
6.08702609e-02	6.50846063e-01	1.72372531e+00
6.37687971e-02	7.14146417e-01	1.74377270e+00
6.66673333e-02	7.93265818e-01	1.83092465e+00
6.95658696e-02	8.74131572e-01	2.00415938e+00
7.24644058e-02	9.25711415e-01	2.14132575e+00
7.53629420e-02	9.46772617e-01	2.21360829e+00
7.82614783e-02	8.63644313e-01	2.06285879e+00
8.11600145e-02	6.34515182e-01	1.53403077e+00
8.40585507e-02	3.00618373e-01	7.29070526e-01
8.69570870e-02	7.30221510e-03	1.55569569e-02
8.98556232e-02	1.33874552e-03	3.51220503e-03
9.27541594e-02	2.19854287e-03	4.60892616e-03
9.56526957e-02	3.14577494e-03	6.10607191e-03
9.85512319e-02	3.09434130e-03	6.04330407e-03
1.01449768e-01	2.99887747e-03	5.85169003e-03
1.04348304e-01	2.88817197e-03	5.62350341e-03
1.07246841e-01	2.67749409e-03	5.02586672e-03
1.10145377e-01	2.62434866e-03	4.94588826e-03
1.13043913e-01	2.51382426e-03	4.71638072e-03
1.15942449e-01	1.92688693e-03	3.58107112e-03
1.18840986e-01	1.88324970e-03	3.52757303e-03
1.21739522e-01	1.84712410e-03	3.45539410e-03
1.24638058e-01	1.75268556e-03	3.27072276e-03
1.27536594e-01	6.47377981e-04	1.32259580e-03
1.30435130e-01	6.28255908e-04	1.29532115e-03
1.33333667e-01	6.14399594e-04	1.26413639e-03
1.36232203e-01	6.00462469e-04	1.23525324e-03
1.39130739e-01	5.87026294e-04	1.20762193e-03
1.42029275e-01	5.74123416e-04	1.18107392e-03
1.44927812e-01	5.61718792e-04	1.15554833e-03
1.47826348e-01	5.49782417e-04	1.13098606e-03
1.50724884e-01	5.38287289e-04	1.10733151e-03
1.53623420e-01	5.27208444e-04	1.08453330e-03
1.56521957e-01	5.16522765e-04	1.06254387e-03
1.59420493e-01	5.06208813e-04	1.04131910e-03
1.62319029e-01	4.96246681e-04	1.02081802e-03
1.65217565e-01	4.86617863e-04	1.00100255e-03
1.68116101e-01	4.77305124e-04	9.81837235e-04
1.71014638e-01	4.68292402e-04	9.63289016e-04
1.73913174e-01	4.59564704e-04	9.45327040e-04
1.76811710e-01	4.51108021e-04	9.27922481e-04
1.79710246e-01	4.42909248e-04	9.11048369e-04
1.82608783e-01	4.34956143e-04	8.94679513e-04
1.85507319e-01	4.27237237e-04	8.78792310e-04
1.88405855e-01	4.19738688e-04	8.63358267e-04
1.91304391e-01	4.12434418e-04	8.48323716e-04
1.94202928e-01	4.05574185e-04	8.34202981e-04
1.97101464e-01	4.01863967e-04	8.26564678e-04
2.00000000e-01	3.84593323e-04	7.91014510e-04
