B_loc(T)	f(B_loc)	error
File: FieldSweep 11.50K.txt
Method: Bootstrap (n=100)
lambda=6.893e+03
noise_std=4.542e+03
rel_err=0.0773
sigma_gauss=0.003640
edge_penalty_left=0
edge_penalty_right=40
edge_weight=10.0
1.00000000e-06	1.93440981e+02	9.44151783e+00
4.08261224e-03	3.43122049e+02	1.25763932e+01
8.16422449e-03	4.05283294e+02	8.33692164e+00
1.22458367e-02	2.97735359e+02	1.01744721e+01
1.63274490e-02	1.16790635e+02	1.03471221e+01
2.04090612e-02	7.22122259e+00	7.59380971e+00
2.44906735e-02	6.51571392e-18	6.11070736e-17
2.85722857e-02	2.30441981e-01	1.31207827e+00
3.26538980e-02	1.53470528e+00	3.99300045e+00
3.67355102e-02	1.86382619e+00	4.13013729e+00
4.08171224e-02	1.45337620e-01	2.61198438e-01
4.48987347e-02	9.45939807e-02	1.77331243e-01
4.89803469e-02	1.27362159e-01	2.21504520e-01
5.30619592e-02	1.19785186e-01	2.07201773e-01
5.71435714e-02	1.40415628e-01	2.24696559e-01
6.12251837e-02	1.33129863e-01	2.12027631e-01
6.53067959e-02	1.59703803e-01	2.40619713e-01
6.93884082e-02	1.51842285e-01	2.29681287e-01
7.34700204e-02	1.42579666e-01	2.14719829e-01
7.75516327e-02	1.27813147e-01	2.04040719e-01
8.16332449e-02	1.21099369e-01	1.93523075e-01
8.57148571e-02	1.18539445e-01	1.79307550e-01
8.97964694e-02	1.13792812e-01	1.72641081e-01
9.38780816e-02	1.07816931e-01	1.63180499e-01
9.79596939e-02	9.50676224e-02	1.56868037e-01
1.02041306e-01	9.01278072e-02	1.49962362e-01
1.06122918e-01	6.64825471e-02	1.03295315e-01
1.10204531e-01	6.38725030e-02	9.92250960e-02
1.14286143e-01	6.09074073e-02	9.44250782e-02
1.18367755e-01	4.71251340e-02	7.70602346e-02
1.22449367e-01	4.40637768e-02	7.24816484e-02
1.26530980e-01	1.37314495e-02	2.49679956e-02
1.30612592e-01	1.29323204e-02	2.43383624e-02
1.34694204e-01	1.25679020e-02	2.35060290e-02
1.38775816e-01	1.21759150e-02	2.27610897e-02
1.42857429e-01	1.18008711e-02	2.20608779e-02
1.46939041e-01	1.14461904e-02	2.13979361e-02
1.51020653e-01	1.11100031e-02	2.07694101e-02
1.55102265e-01	1.07907953e-02	2.01726245e-02
1.59183878e-01	1.04872613e-02	1.96051375e-02
1.63265490e-01	1.01982261e-02	1.90647513e-02
1.67347102e-01	9.92262913e-03	1.85494827e-02
1.71428714e-01	9.65951068e-03	1.80575377e-02
1.75510327e-01	9.40800097e-03	1.75872902e-02
1.79591939e-01	9.16730944e-03	1.71372621e-02
1.83673551e-01	8.93665254e-03	1.67059885e-02
1.87755163e-01	8.71504449e-03	1.62916265e-02
1.91836776e-01	8.50721334e-03	1.59030189e-02
1.95918388e-01	8.36839651e-03	1.56434408e-02
2.00000000e-01	7.95487803e-03	1.48702075e-02
