B_loc(T)	f(B_loc)	error
File: FieldSweep 12.00K.txt
Method: Bootstrap (n=100)
lambda=8.697e+03
noise_std=5.098e+03
rel_err=0.0840
sigma_gauss=0.003640
edge_penalty_left=0
edge_penalty_right=40
edge_weight=10.0
1.00000000e-06	2.11049474e+02	9.90074055e+00
4.08261224e-03	3.68290889e+02	1.34016177e+01
8.16422449e-03	4.17916189e+02	8.60860921e+00
1.22458367e-02	2.95797544e+02	1.03702271e+01
1.63274490e-02	1.10472389e+02	1.10048975e+01
2.04090612e-02	4.48726273e+00	6.43676126e+00
2.44906735e-02	1.73854336e-18	1.17219833e-17
2.85722857e-02	1.69323275e-01	9.69421489e-01
3.26538980e-02	1.12828825e+00	3.36586385e+00
3.67355102e-02	1.38628957e+00	3.56822444e+00
4.08171224e-02	1.14137259e-01	2.27773074e-01
4.48987347e-02	7.95726184e-02	1.56275693e-01
4.89803469e-02	1.09318674e-01	1.96986287e-01
5.30619592e-02	1.02826513e-01	1.84450886e-01
5.71435714e-02	1.22154751e-01	2.03000802e-01
6.12251837e-02	1.15663889e-01	1.91558798e-01
6.53067959e-02	1.36954204e-01	2.13190956e-01
6.93884082e-02	1.30119182e-01	2.03349894e-01
7.34700204e-02	1.22266168e-01	1.90214213e-01
7.75516327e-02	1.12197724e-01	1.81789624e-01
8.16332449e-02	1.06349893e-01	1.72696833e-01
8.57148571e-02	1.07660218e-01	1.63562643e-01
8.97964694e-02	1.03405277e-01	1.57516987e-01
9.38780816e-02	9.80607388e-02	1.49004647e-01
9.79596939e-02	8.98723144e-02	1.44800211e-01
1.02041306e-01	8.52684614e-02	1.38374236e-01
1.06122918e-01	6.10512033e-02	9.40605915e-02
1.10204531e-01	5.85177872e-02	9.03024515e-02
1.14286143e-01	5.57988788e-02	8.59580280e-02
1.18367755e-01	4.28378136e-02	6.95405749e-02
1.22449367e-01	4.00531786e-02	6.53774410e-02
1.26530980e-01	1.29971362e-02	2.29494484e-02
1.30612592e-01	1.22597118e-02	2.23741252e-02
1.34694204e-01	1.19096858e-02	2.16084891e-02
1.38775816e-01	1.15377969e-02	2.09236724e-02
1.42857429e-01	1.11824289e-02	2.02799933e-02
1.46939041e-01	1.08463344e-02	1.96705711e-02
1.51020653e-01	1.05277580e-02	1.90927866e-02
1.55102265e-01	1.02252706e-02	1.85441804e-02
1.59183878e-01	9.93763492e-03	1.80225080e-02
1.63265490e-01	9.66373753e-03	1.75257490e-02
1.67347102e-01	9.40257336e-03	1.70520804e-02
1.71428714e-01	9.15323305e-03	1.65998528e-02
1.75510327e-01	8.91489239e-03	1.61675714e-02
1.79591939e-01	8.68680228e-03	1.57538776e-02
1.83673551e-01	8.46822025e-03	1.53574247e-02
1.87755163e-01	8.25821220e-03	1.49765184e-02
1.91836776e-01	8.06125920e-03	1.46192874e-02
1.95918388e-01	7.92970545e-03	1.43806693e-02
2.00000000e-01	7.53782799e-03	1.36698692e-02
