B_loc(T)	f(B_loc)	error
File: FieldSweep 12.50K.txt
Method: Bootstrap (n=500)
lambda=2.205e+04
noise_std=3.350e+03
rel_err=0.0438
sigma_gauss=0.003640
edge_penalty_left=0
edge_penalty_right=60
edge_weight=10.0
1.00000000e-06	1.07252501e+02	5.04402825e+00
2.89953623e-03	1.96031272e+02	7.15113349e+00
5.79807246e-03	2.47862580e+02	4.69037557e+00
8.69660870e-03	2.37505488e+02	4.07243563e+00
1.15951449e-02	1.76449980e+02	5.99403415e+00
1.44936812e-02	1.00673778e+02	6.66130229e+00
1.73922174e-02	3.69964657e+01	6.25208016e+00
2.02907536e-02	4.91159740e+00	4.25838974e+00
2.31892899e-02	1.56717041e-01	8.22399857e-01
2.60878261e-02	1.00299628e-01	5.41180922e-01
2.89863623e-02	1.06304116e-02	4.00885782e-02
3.18848986e-02	1.81219578e-02	4.55319377e-02
3.47834348e-02	2.27748479e-02	5.19554983e-02
3.76819710e-02	2.77133962e-02	5.99320041e-02
4.05805072e-02	2.59410756e-02	5.61558187e-02
4.34790435e-02	2.41904701e-02	5.21807663e-02
4.63775797e-02	3.00673557e-02	6.10105080e-02
4.92761159e-02	2.87009108e-02	5.83551423e-02
5.21746522e-02	2.69854576e-02	5.47298299e-02
5.50731884e-02	2.66839111e-02	5.05318860e-02
5.79717246e-02	2.77407558e-02	4.82875146e-02
6.08702609e-02	2.65533375e-02	4.62780104e-02
6.37687971e-02	2.52614864e-02	4.37976101e-02
6.66673333e-02	2.71048583e-02	4.43560673e-02
6.95658696e-02	2.62180918e-02	4.30727883e-02
7.24644058e-02	2.49429602e-02	4.07844896e-02
7.53629420e-02	2.20407080e-02	3.51517649e-02
7.82614783e-02	2.12674875e-02	3.40171436e-02
8.11600145e-02	2.05471597e-02	3.28684446e-02
8.40585507e-02	1.95606153e-02	3.11718284e-02
8.69570870e-02	1.44473443e-02	2.29291116e-02
8.98556232e-02	1.40356806e-02	2.24314888e-02
9.27541594e-02	1.31857111e-02	2.09984783e-02
9.56526957e-02	3.42124329e-03	5.52218944e-03
9.85512319e-02	3.19700552e-03	5.36695627e-03
1.01449768e-01	3.12464226e-03	5.20276135e-03
1.04348304e-01	3.03617667e-03	5.05206477e-03
1.07246841e-01	2.95046026e-03	4.90969153e-03
1.10145377e-01	2.86927879e-03	4.77463770e-03
1.13043913e-01	2.79219182e-03	4.64635368e-03
1.15942449e-01	2.71886989e-03	4.52433545e-03
1.18840986e-01	2.64903756e-03	4.40812454e-03
1.21739522e-01	2.58244579e-03	4.29730612e-03
1.24638058e-01	2.51886853e-03	4.19150397e-03
1.27536594e-01	2.45810024e-03	4.09037606e-03
1.30435130e-01	2.39995368e-03	3.99361079e-03
1.33333667e-01	2.34425787e-03	3.90092364e-03
1.36232203e-01	2.29085640e-03	3.81205431e-03
1.39130739e-01	2.23960590e-03	3.72676417e-03
1.42029275e-01	2.19037467e-03	3.64483411e-03
1.44927812e-01	2.14304159e-03	3.56606251e-03
1.47826348e-01	2.09749500e-03	3.49026359e-03
1.50724884e-01	2.05363188e-03	3.41726586e-03
1.53623420e-01	2.01135693e-03	3.34691075e-03
1.56521957e-01	1.97058195e-03	3.27905146e-03
1.59420493e-01	1.93122514e-03	3.21355185e-03
1.62319029e-01	1.89321055e-03	3.15028553e-03
1.65217565e-01	1.85646756e-03	3.08913495e-03
1.68116101e-01	1.82093041e-03	3.02999069e-03
1.71014638e-01	1.78653782e-03	2.97275073e-03
1.73913174e-01	1.75323258e-03	2.91731987e-03
1.76811710e-01	1.72096124e-03	2.86360915e-03
1.79710246e-01	1.68967380e-03	2.81153534e-03
1.82608783e-01	1.65932355e-03	2.76102069e-03
1.85507319e-01	1.62986673e-03	2.71199238e-03
1.88405855e-01	1.60125053e-03	2.66436248e-03
1.91304391e-01	1.57337543e-03	2.61796535e-03
1.94202928e-01	1.54719481e-03	2.57438828e-03
1.97101464e-01	1.53303433e-03	2.55081601e-03
2.00000000e-01	1.46712389e-03	2.44110681e-03
