B_loc(T)	f(B_loc)	error
File: FieldSweep 13.00K.txt
Method: Bootstrap (n=500)
lambda=2.205e+04
noise_std=3.522e+03
rel_err=0.0461
sigma_gauss=0.003640
edge_penalty_left=0
edge_penalty_right=60
edge_weight=10.0
1.00000000e-06	1.11702662e+02	5.30686583e+00
2.89953623e-03	2.03171380e+02	7.54114954e+00
5.79807246e-03	2.54172211e+02	4.91327407e+00
8.69660870e-03	2.39315228e+02	4.00625245e+00
1.15951449e-02	1.72355752e+02	6.29447982e+00
1.44936812e-02	9.31464166e+01	7.14035520e+00
1.73922174e-02	3.00066497e+01	5.95616604e+00
2.02907536e-02	2.02990687e+00	3.04415023e+00
2.31892899e-02	6.64880800e-02	4.86467960e-01
2.60878261e-02	1.03415448e-01	5.22627516e-01
2.89863623e-02	1.09734513e-02	4.40070551e-02
3.18848986e-02	1.60442820e-02	4.44621567e-02
3.47834348e-02	2.08257883e-02	5.07470620e-02
3.76819710e-02	2.41595526e-02	5.77103683e-02
4.05805072e-02	2.25782361e-02	5.40486537e-02
4.34790435e-02	2.10363485e-02	5.02120976e-02
4.63775797e-02	2.59301076e-02	5.84288845e-02
4.92761159e-02	2.47540250e-02	5.58902899e-02
5.21746522e-02	2.32705790e-02	5.23936694e-02
5.50731884e-02	2.27060610e-02	4.80511653e-02
5.79717246e-02	2.39135781e-02	4.64573996e-02
6.08702609e-02	2.28979936e-02	4.45461989e-02
6.37687971e-02	2.17829101e-02	4.21350014e-02
6.66673333e-02	2.39347087e-02	4.25669711e-02
6.95658696e-02	2.31850987e-02	4.13393493e-02
7.24644058e-02	2.20475730e-02	3.91588745e-02
7.53629420e-02	2.01255917e-02	3.44444790e-02
7.82614783e-02	1.94411047e-02	3.33749898e-02
8.11600145e-02	1.87744181e-02	3.22323190e-02
8.40585507e-02	1.78908032e-02	3.05965448e-02
8.69570870e-02	1.45078386e-02	2.35546683e-02
8.98556232e-02	1.41358377e-02	2.30934163e-02
9.27541594e-02	1.32759918e-02	2.16125818e-02
9.56526957e-02	3.79954319e-03	5.96783315e-03
9.85512319e-02	3.56299040e-03	5.81579431e-03
1.01449768e-01	3.47939698e-03	5.63496258e-03
1.04348304e-01	3.38065753e-03	5.47150084e-03
1.07246841e-01	3.28523579e-03	5.31732566e-03
1.10145377e-01	3.19484668e-03	5.17106129e-03
1.13043913e-01	3.10901360e-03	5.03212564e-03
1.15942449e-01	3.02737279e-03	4.89997607e-03
1.18840986e-01	2.94961754e-03	4.77411603e-03
1.21739522e-01	2.87547055e-03	4.65409621e-03
1.24638058e-01	2.80468008e-03	4.53950916e-03
1.27536594e-01	2.73701731e-03	4.42998447e-03
1.30435130e-01	2.67227373e-03	4.32518464e-03
1.33333667e-01	2.61025896e-03	4.22480154e-03
1.36232203e-01	2.55079886e-03	4.12855325e-03
1.39130739e-01	2.49373377e-03	4.03618136e-03
1.42029275e-01	2.43891707e-03	3.94744852e-03
1.44927812e-01	2.38621387e-03	3.86213642e-03
1.47826348e-01	2.33549988e-03	3.78004382e-03
1.50724884e-01	2.28666034e-03	3.70098500e-03
1.53623420e-01	2.23958918e-03	3.62478824e-03
1.56521957e-01	2.19418817e-03	3.55129454e-03
1.59420493e-01	2.15036624e-03	3.48035647e-03
1.62319029e-01	2.10803881e-03	3.41183714e-03
1.65217565e-01	2.06712725e-03	3.34560924e-03
1.68116101e-01	2.02755834e-03	3.28155427e-03
1.71014638e-01	1.98926385e-03	3.21956175e-03
1.73913174e-01	1.95218008e-03	3.15952857e-03
1.76811710e-01	1.91624752e-03	3.10135839e-03
1.79710246e-01	1.88141048e-03	3.04496107e-03
1.82608783e-01	1.84761696e-03	2.99025242e-03
1.85507319e-01	1.81481824e-03	2.93715356e-03
1.88405855e-01	1.78295550e-03	2.88556927e-03
1.91304391e-01	1.75191796e-03	2.83532018e-03
1.94202928e-01	1.72276712e-03	2.78812532e-03
1.97101464e-01	1.70700015e-03	2.76259623e-03
2.00000000e-01	1.63361213e-03	2.64377930e-03
