B_loc(T)	f(B_loc)	error
File: FieldSweep 14.00K.txt
Method: Bootstrap (n=500)
lambda=5.462e+03
noise_std=3.321e+03
rel_err=0.0441
sigma_gauss=0.003640
edge_penalty_left=0
edge_penalty_right=60
edge_weight=10.0
1.00000000e-06	1.01935147e+02	8.29857254e+00
2.89953623e-03	1.96375237e+02	1.06622304e+01
5.79807246e-03	2.75825210e+02	6.15381152e+00
8.69660870e-03	2.57463068e+02	7.17165250e+00
1.15951449e-02	1.57756873e+02	8.77418658e+00
1.44936812e-02	5.93693236e+01	8.53238070e+00
1.73922174e-02	3.92320638e+00	5.08420744e+00
2.02907536e-02	2.11530922e-01	9.73667053e-01
2.31892899e-02	9.58655684e-01	2.85486899e+00
2.60878261e-02	1.52726988e+00	3.66234948e+00
2.89863623e-02	9.53116972e-02	2.16069933e-01
3.18848986e-02	7.65255783e-02	1.62117471e-01
3.47834348e-02	1.01066395e-01	2.02202763e-01
3.76819710e-02	1.10688980e-01	2.25276565e-01
4.05805072e-02	1.03308275e-01	2.10909123e-01
4.34790435e-02	9.61536841e-02	1.95659031e-01
4.63775797e-02	1.11683603e-01	2.26092459e-01
4.92761159e-02	1.06468346e-01	2.16397353e-01
5.21746522e-02	1.00270718e-01	2.02912107e-01
5.50731884e-02	1.02568751e-01	1.89731178e-01
5.79717246e-02	1.05840677e-01	1.82005679e-01
6.08702609e-02	1.01238470e-01	1.74583764e-01
6.37687971e-02	9.62979019e-02	1.65067816e-01
6.66673333e-02	1.02867346e-01	1.68216752e-01
6.95658696e-02	9.95561465e-02	1.63496368e-01
7.24644058e-02	9.46931857e-02	1.54721462e-01
7.53629420e-02	8.34849055e-02	1.34081713e-01
7.82614783e-02	8.05838660e-02	1.29850699e-01
8.11600145e-02	7.78393518e-02	1.25430778e-01
8.40585507e-02	7.41484634e-02	1.19019348e-01
8.69570870e-02	5.75292080e-02	9.08788984e-02
8.98556232e-02	5.60144656e-02	8.90593701e-02
9.27541594e-02	5.25879970e-02	8.33252857e-02
9.56526957e-02	1.29771590e-02	2.14723462e-02
9.85512319e-02	1.21239856e-02	2.08459650e-02
1.01449768e-01	1.18503574e-02	2.02128184e-02
1.04348304e-01	1.15150847e-02	1.96276212e-02
1.07246841e-01	1.11899887e-02	1.90744632e-02
1.10145377e-01	1.08820881e-02	1.85497712e-02
1.13043913e-01	1.05897189e-02	1.80513841e-02
1.15942449e-01	1.03116292e-02	1.75773398e-02
1.18840986e-01	1.00467744e-02	1.71258571e-02
1.21739522e-01	9.79420984e-03	1.66953244e-02
1.24638058e-01	9.55307816e-03	1.62842802e-02
1.27536594e-01	9.32259985e-03	1.58913957e-02
1.30435130e-01	9.10206470e-03	1.55154602e-02
1.33333667e-01	8.89082429e-03	1.51553684e-02
1.36232203e-01	8.68828533e-03	1.48101090e-02
1.39130739e-01	8.49390402e-03	1.44787549e-02
1.42029275e-01	8.30718092e-03	1.41604548e-02
1.44927812e-01	8.12765657e-03	1.38544255e-02
1.47826348e-01	7.95490752e-03	1.35599452e-02
1.50724884e-01	7.78854293e-03	1.32763475e-02
1.53623420e-01	7.62820142e-03	1.30030165e-02
1.56521957e-01	7.47354840e-03	1.27393818e-02
1.59420493e-01	7.32427362e-03	1.24849145e-02
1.62319029e-01	7.18008898e-03	1.22391235e-02
1.65217565e-01	7.04072661e-03	1.20015521e-02
1.68116101e-01	6.90593709e-03	1.17717753e-02
1.71014638e-01	6.77548794e-03	1.15493966e-02
1.73913174e-01	6.64916217e-03	1.13340461e-02
1.76811710e-01	6.52675701e-03	1.11253782e-02
1.79710246e-01	6.40808279e-03	1.09230696e-02
1.82608783e-01	6.29296232e-03	1.07268181e-02
1.85507319e-01	6.18122959e-03	1.05363409e-02
1.88405855e-01	6.07268422e-03	1.03512961e-02
1.91304391e-01	5.96694874e-03	1.01710404e-02
1.94202928e-01	5.86764007e-03	1.00017405e-02
1.97101464e-01	5.81392248e-03	9.91015990e-03
2.00000000e-01	5.56390525e-03	9.48392956e-03
