B_loc(T)	f(B_loc)	error
File: FieldSweep 15.00K.txt
Method: Bootstrap (n=500)
lambda=8.697e+03
noise_std=3.656e+03
rel_err=0.0485
sigma_gauss=0.003640
edge_penalty_left=0
edge_penalty_right=60
edge_weight=10.0
1.00000000e-06	1.12191809e+02	7.70007787e+00
2.89953623e-03	2.07599306e+02	1.02793924e+01
5.79807246e-03	2.69438176e+02	5.85981941e+00
8.69660870e-03	2.41926218e+02	6.08389006e+00
1.15951449e-02	1.46174683e+02	8.75108301e+00
1.44936812e-02	5.45580880e+01	8.31656821e+00
1.73922174e-02	3.37449409e+00	4.45402791e+00
2.02907536e-02	6.26065761e-02	5.13933713e-01
2.31892899e-02	4.61900045e-01	1.88905863e+00
2.60878261e-02	8.47632215e-01	2.57228579e+00
2.89863623e-02	5.48992781e-02	1.54012661e-01
3.18848986e-02	4.53785719e-02	1.10103948e-01
3.47834348e-02	6.06579070e-02	1.34558598e-01
3.76819710e-02	6.95846740e-02	1.53698661e-01
4.05805072e-02	6.49855492e-02	1.43963311e-01
4.34790435e-02	6.05507339e-02	1.33680736e-01
4.63775797e-02	7.33194773e-02	1.56194386e-01
4.92761159e-02	6.99645931e-02	1.49468763e-01
5.21746522e-02	6.57941595e-02	1.40124172e-01
5.50731884e-02	6.50054650e-02	1.29304987e-01
5.79717246e-02	6.76784216e-02	1.24588687e-01
6.08702609e-02	6.47621815e-02	1.19490083e-01
6.37687971e-02	6.16113581e-02	1.12994243e-01
6.66673333e-02	6.68248348e-02	1.14348704e-01
6.95658696e-02	6.46667737e-02	1.11109151e-01
7.24644058e-02	6.15111546e-02	1.05185728e-01
7.53629420e-02	5.52369415e-02	9.16351133e-02
7.82614783e-02	5.33323264e-02	8.87682469e-02
8.11600145e-02	5.15052416e-02	8.57332212e-02
8.40585507e-02	4.91099365e-02	8.13744988e-02
8.69570870e-02	3.95958942e-02	6.29672908e-02
8.98556232e-02	3.85845625e-02	6.17315125e-02
9.27541594e-02	3.62348113e-02	5.77685151e-02
9.56526957e-02	9.91995972e-03	1.56378376e-02
9.85512319e-02	9.28281123e-03	1.52154247e-02
1.01449768e-01	9.06974830e-03	1.47469230e-02
1.04348304e-01	8.81275470e-03	1.43195127e-02
1.07246841e-01	8.56396921e-03	1.39159941e-02
1.10145377e-01	8.32832872e-03	1.35332055e-02
1.13043913e-01	8.10457033e-03	1.31696016e-02
1.15942449e-01	7.89174051e-03	1.28237574e-02
1.18840986e-01	7.68903967e-03	1.24943733e-02
1.21739522e-01	7.49574494e-03	1.21802736e-02
1.24638058e-01	7.31120011e-03	1.18803918e-02
1.27536594e-01	7.13480863e-03	1.15937586e-02
1.30435130e-01	6.96602695e-03	1.13194908e-02
1.33333667e-01	6.80435880e-03	1.10567819e-02
1.36232203e-01	6.64935016e-03	1.08048941e-02
1.39130739e-01	6.50058482e-03	1.05631511e-02
1.42029275e-01	6.35768057e-03	1.03309318e-02
1.44927812e-01	6.22028576e-03	1.01076647e-02
1.47826348e-01	6.08807633e-03	9.89282325e-03
1.50724884e-01	5.96075315e-03	9.68592138e-03
1.53623420e-01	5.83803967e-03	9.48650966e-03
1.56521957e-01	5.71967981e-03	9.29417196e-03
1.59420493e-01	5.60543613e-03	9.10852243e-03
1.62319029e-01	5.49508815e-03	8.92920277e-03
1.65217565e-01	5.38843087e-03	8.75587983e-03
1.68116101e-01	5.28527341e-03	8.58824343e-03
1.71014638e-01	5.18543784e-03	8.42600443e-03
1.73913174e-01	5.08875810e-03	8.26889295e-03
1.76811710e-01	4.99507902e-03	8.11665681e-03
1.79710246e-01	4.90425545e-03	7.96906013e-03
1.82608783e-01	4.81615177e-03	7.82588253e-03
1.85507319e-01	4.73064094e-03	7.68691753e-03
1.88405855e-01	4.64756962e-03	7.55191590e-03
1.91304391e-01	4.56664892e-03	7.42040818e-03
1.94202928e-01	4.49064686e-03	7.29689339e-03
1.97101464e-01	4.44953666e-03	7.23007963e-03
2.00000000e-01	4.25819641e-03	6.91911826e-03
