B_loc(T)	f(B_loc)	error
File: FieldSweep 17.00K.txt
Method: Bootstrap (n=500)
lambda=1.353e+03
noise_std=2.658e+03
rel_err=0.0410
sigma_gauss=0.003640
edge_penalty_left=0
edge_penalty_right=60
edge_weight=10.0
1.00000000e-06	7.60003202e+01	1.06550499e+01
2.89953623e-03	1.69606444e+02	1.24381370e+01
5.79807246e-03	2.98424176e+02	8.29641124e+00
8.69660870e-03	2.61002673e+02	9.05335615e+00
1.15951449e-02	9.63296467e+01	1.11204645e+01
1.44936812e-02	3.68838568e+00	5.46224444e+00
1.73922174e-02	7.32239222e-03	1.30142575e-01
2.02907536e-02	5.88208318e-01	1.84726712e+00
2.31892899e-02	9.97496948e-01	2.56153612e+00
2.60878261e-02	1.49853948e+00	3.89099023e+00
2.89863623e-02	1.08705297e-01	2.89238950e-01
3.18848986e-02	1.28210535e-01	3.27306762e-01
3.47834348e-02	1.84927967e-01	4.23859827e-01
3.76819710e-02	2.12663776e-01	4.88704810e-01
4.05805072e-02	1.98918625e-01	4.58924419e-01
4.34790435e-02	1.85188401e-01	4.25090747e-01
4.63775797e-02	2.54472166e-01	5.50837016e-01
4.92761159e-02	2.44308468e-01	5.30096201e-01
5.21746522e-02	2.29279038e-01	4.95590931e-01
5.50731884e-02	2.32428623e-01	4.62609708e-01
5.79717246e-02	2.56013292e-01	4.64780417e-01
6.08702609e-02	2.45465783e-01	4.47471401e-01
6.37687971e-02	2.33650430e-01	4.22291217e-01
6.66673333e-02	2.74830456e-01	4.60352248e-01
6.95658696e-02	2.67086932e-01	4.49236485e-01
7.24644058e-02	2.54018413e-01	4.24831403e-01
7.53629420e-02	2.39582452e-01	3.89159317e-01
7.82614783e-02	2.31891693e-01	3.78190759e-01
8.11600145e-02	2.23805517e-01	3.65000692e-01
8.40585507e-02	2.13377045e-01	3.46490107e-01
8.69570870e-02	1.79066750e-01	2.81742763e-01
8.98556232e-02	1.74847352e-01	2.77050798e-01
9.27541594e-02	1.64140548e-01	2.59113328e-01
9.56526957e-02	4.54109709e-02	7.20822944e-02
9.85512319e-02	4.25835777e-02	7.01208386e-02
1.01449768e-01	4.15887675e-02	6.79680205e-02
1.04348304e-01	4.04084972e-02	6.59987598e-02
1.07246841e-01	3.92678497e-02	6.41389187e-02
1.10145377e-01	3.81873992e-02	6.23746382e-02
1.13043913e-01	3.71614090e-02	6.06987874e-02
1.15942449e-01	3.61855283e-02	5.91047911e-02
1.18840986e-01	3.52560912e-02	5.75866601e-02
1.21739522e-01	3.43697829e-02	5.61389749e-02
1.24638058e-01	3.35235946e-02	5.47568208e-02
1.27536594e-01	3.27147907e-02	5.34357297e-02
1.30435130e-01	3.19408790e-02	5.21716308e-02
1.33333667e-01	3.11995840e-02	5.09608073e-02
1.36232203e-01	3.04888238e-02	4.97998586e-02
1.39130739e-01	2.98066899e-02	4.86856676e-02
1.42029275e-01	2.91514299e-02	4.76153716e-02
1.44927812e-01	2.85214312e-02	4.65863368e-02
1.47826348e-01	2.79152080e-02	4.55961361e-02
1.50724884e-01	2.73313886e-02	4.46425292e-02
1.53623420e-01	2.67687049e-02	4.37234447e-02
1.56521957e-01	2.62259827e-02	4.28369647e-02
1.59420493e-01	2.57021332e-02	4.19813108e-02
1.62319029e-01	2.51961455e-02	4.11548315e-02
1.65217565e-01	2.47070793e-02	4.03559914e-02
1.68116101e-01	2.42340596e-02	3.95833608e-02
1.71014638e-01	2.37762704e-02	3.88356071e-02
1.73913174e-01	2.33329501e-02	3.81114864e-02
1.76811710e-01	2.29033873e-02	3.74098365e-02
1.79710246e-01	2.24869163e-02	3.67295700e-02
1.82608783e-01	2.20829152e-02	3.60696713e-02
1.85507319e-01	2.16908015e-02	3.54291887e-02
1.88405855e-01	2.13098718e-02	3.48069734e-02
1.91304391e-01	2.09388015e-02	3.42008619e-02
1.94202928e-01	2.05902849e-02	3.36315892e-02
1.97101464e-01	2.04017614e-02	3.33236502e-02
2.00000000e-01	1.95243372e-02	3.18904475e-02
