B_loc(T)	f(B_loc)	error
File: FieldSweep 20.00K.txt
Method: Bootstrap (n=500)
lambda=4.431e+04
noise_std=3.956e+03
rel_err=0.0564
sigma_gauss=0.003640
edge_penalty_left=0
edge_penalty_right=65
edge_weight=10.0
1.00000000e-06	1.18215063e+02	3.97277731e+00
2.89953623e-03	2.07554040e+02	5.47717436e+00
5.79807246e-03	2.39140849e+02	3.22166044e+00
8.69660870e-03	1.91713158e+02	3.85138574e+00
1.15951449e-02	9.26686417e+01	3.90496230e+00
1.44936812e-02	1.84555790e+00	1.86237279e-01
1.73922174e-02	3.72126997e-19	3.44084318e-18
2.02907536e-02	6.56577455e-02	8.31432617e-02
2.31892899e-02	6.95871266e-02	8.12723726e-02
2.60878261e-02	6.24027756e-02	8.08674181e-02
2.89863623e-02	5.61537825e-02	7.30977863e-02
3.18848986e-02	5.07423402e-02	6.90891632e-02
3.47834348e-02	4.66780284e-02	6.38346389e-02
3.76819710e-02	4.28517659e-02	6.12540104e-02
4.05805072e-02	3.98386300e-02	5.70904957e-02
4.34790435e-02	3.70640512e-02	5.29667387e-02
4.63775797e-02	3.48940434e-02	5.16759532e-02
4.92761159e-02	3.29628399e-02	4.90523773e-02
5.21746522e-02	3.10661659e-02	4.61124343e-02
5.50731884e-02	2.98408094e-02	4.20923638e-02
5.79717246e-02	2.92003494e-02	3.91213141e-02
6.08702609e-02	2.79015241e-02	3.74204725e-02
6.37687971e-02	2.64880455e-02	3.53982547e-02
6.66673333e-02	2.42865123e-02	3.27785949e-02
6.95658696e-02	2.33524399e-02	3.16858940e-02
7.24644058e-02	2.22077170e-02	3.00178699e-02
7.53629420e-02	1.76056507e-02	2.44164479e-02
7.82614783e-02	1.68961672e-02	2.35425139e-02
8.11600145e-02	1.63446625e-02	2.27652877e-02
8.40585507e-02	1.55591476e-02	2.15922863e-02
8.69570870e-02	1.06839197e-02	1.52655473e-02
8.98556232e-02	1.03344437e-02	1.48795225e-02
9.27541594e-02	9.71575696e-03	1.39384193e-02
9.56526957e-02	2.13103567e-03	3.34313918e-03
9.85512319e-02	1.95841757e-03	3.22361594e-03
1.01449768e-01	1.92089914e-03	3.13018853e-03
1.04348304e-01	1.86707092e-03	3.03995841e-03
1.07246841e-01	1.81431884e-03	2.95425272e-03
1.10145377e-01	1.76439305e-03	2.87298201e-03
1.13043913e-01	1.71699232e-03	2.79579057e-03
1.15942449e-01	1.67190683e-03	2.72236927e-03
1.18840986e-01	1.62896722e-03	2.65244227e-03
1.21739522e-01	1.58802045e-03	2.58575999e-03
1.24638058e-01	1.54892751e-03	2.52209607e-03
1.27536594e-01	1.51156204e-03	2.46124471e-03
1.30435130e-01	1.47580889e-03	2.40301841e-03
1.33333667e-01	1.44156296e-03	2.34724597e-03
1.36232203e-01	1.40872807e-03	2.29377077e-03
1.39130739e-01	1.37721607e-03	2.24244922e-03
1.42029275e-01	1.34694599e-03	2.19314948e-03
1.44927812e-01	1.31784337e-03	2.14575024e-03
1.47826348e-01	1.28983957e-03	2.10013973e-03
1.50724884e-01	1.26287124e-03	2.05621474e-03
1.53623420e-01	1.23687982e-03	2.01387988e-03
1.56521957e-01	1.21181106e-03	1.97304683e-03
1.59420493e-01	1.18761470e-03	1.93363368e-03
1.62319029e-01	1.16424405e-03	1.89556437e-03
1.65217565e-01	1.14165569e-03	1.85876820e-03
1.68116101e-01	1.11980922e-03	1.82317934e-03
1.71014638e-01	1.09866697e-03	1.78873640e-03
1.73913174e-01	1.07819377e-03	1.75538212e-03
1.76811710e-01	1.05835679e-03	1.72306299e-03
1.79710246e-01	1.03912530e-03	1.69172894e-03
1.82608783e-01	1.02047059e-03	1.66133320e-03
1.85507319e-01	1.00236578e-03	1.63183198e-03
1.88405855e-01	9.84778431e-04	1.60317238e-03
1.91304391e-01	9.67647382e-04	1.57525476e-03
1.94202928e-01	9.51558161e-04	1.54903415e-03
1.97101464e-01	9.42858030e-04	1.53485102e-03
2.00000000e-01	9.02356995e-04	1.46883959e-03
