B_loc(T)	f(B_loc)	error
File: FieldSweep 25.00K.txt
Method: Bootstrap (n=500)
lambda=2.656e+02
noise_std=1.454e+03
rel_err=0.0313
sigma_gauss=0.003640
edge_penalty_left=0
edge_penalty_right=65
edge_weight=10.0
1.00000000e-06	3.72839151e+01	7.70374784e+00
2.89953623e-03	1.12786996e+02	8.73451981e+00
5.79807246e-03	2.64728409e+02	4.98561617e+00
8.69660870e-03	2.01263268e+02	6.06862887e+00
1.15951449e-02	3.24540569e+00	5.42656248e+00
1.44936812e-02	1.29801179e-17	2.04611745e-16
1.73922174e-02	8.92521947e-02	3.70220509e-01
2.02907536e-02	4.44513724e-01	9.45893916e-01
2.31892899e-02	4.00008145e-01	8.43716767e-01
2.60878261e-02	3.68562112e-01	8.50198672e-01
2.89863623e-02	3.34865863e-01	7.75674372e-01
3.18848986e-02	2.74846489e-01	7.32130180e-01
3.47834348e-02	2.55266050e-01	6.42863337e-01
3.76819710e-02	2.91572890e-01	6.80271526e-01
4.05805072e-02	2.74670583e-01	6.45685074e-01
4.34790435e-02	2.52908599e-01	5.90766118e-01
4.63775797e-02	3.19445899e-01	7.83438252e-01
4.92761159e-02	3.08430329e-01	7.60015719e-01
5.21746522e-02	2.87917160e-01	7.04454996e-01
5.50731884e-02	2.86605089e-01	6.75069767e-01
5.79717246e-02	3.22663589e-01	6.90650110e-01
6.08702609e-02	3.11301038e-01	6.70963262e-01
6.37687971e-02	2.95107812e-01	6.28454868e-01
6.66673333e-02	4.53917954e-01	8.19294325e-01
6.95658696e-02	4.44901938e-01	8.08910261e-01
7.24644058e-02	4.21244005e-01	7.60788820e-01
7.53629420e-02	4.13983069e-01	7.35000853e-01
7.82614783e-02	4.02087052e-01	7.19228245e-01
8.11600145e-02	3.87524891e-01	6.93052301e-01
8.40585507e-02	3.70797263e-01	6.57921010e-01
8.69570870e-02	3.92392796e-01	6.52792209e-01
8.98556232e-02	3.86179430e-01	6.47948372e-01
9.27541594e-02	3.62367388e-01	6.05168169e-01
9.56526957e-02	1.31507342e-01	2.01801506e-01
9.85512319e-02	1.25072318e-01	1.97626731e-01
1.01449768e-01	1.21788732e-01	1.91305275e-01
1.04348304e-01	1.18303536e-01	1.85740694e-01
1.07246841e-01	1.14966388e-01	1.80508256e-01
1.10145377e-01	1.11803455e-01	1.75543259e-01
1.13043913e-01	1.08799589e-01	1.70826847e-01
1.15942449e-01	1.05942437e-01	1.66340805e-01
1.18840986e-01	1.03221264e-01	1.62068277e-01
1.21739522e-01	1.00626362e-01	1.57994007e-01
1.24638058e-01	9.81489212e-02	1.54104163e-01
1.27536594e-01	9.57809329e-02	1.50386172e-01
1.30435130e-01	9.35151004e-02	1.46828575e-01
1.33333667e-01	9.13447613e-02	1.43420914e-01
1.36232203e-01	8.92638206e-02	1.40153617e-01
1.39130739e-01	8.72666907e-02	1.37017913e-01
1.42029275e-01	8.53482405e-02	1.34005744e-01
1.44927812e-01	8.35037492e-02	1.31109698e-01
1.47826348e-01	8.17288663e-02	1.28322944e-01
1.50724884e-01	8.00195760e-02	1.25639178e-01
1.53623420e-01	7.83721655e-02	1.23052570e-01
1.56521957e-01	7.67831971e-02	1.20557721e-01
1.59420493e-01	7.52494831e-02	1.18149628e-01
1.62319029e-01	7.37680634e-02	1.15823643e-01
1.65217565e-01	7.23361857e-02	1.13575444e-01
1.68116101e-01	7.09512875e-02	1.11401007e-01
1.71014638e-01	6.96109800e-02	1.09296583e-01
1.73913174e-01	6.83130338e-02	1.07258670e-01
1.76811710e-01	6.70553654e-02	1.05283998e-01
1.79710246e-01	6.58360262e-02	1.03369506e-01
1.82608783e-01	6.46531952e-02	1.01512336e-01
1.85507319e-01	6.35051670e-02	9.97098104e-02
1.88405855e-01	6.23898824e-02	9.79586953e-02
1.91304391e-01	6.13034630e-02	9.62529016e-02
1.94202928e-01	6.02830756e-02	9.46507849e-02
1.97101464e-01	5.97311140e-02	9.37841463e-02
2.00000000e-01	5.71621854e-02	8.97506548e-02
