B_loc(T)	f(B_loc)	error
File: FieldSweep 3.50K.txt
Method: Bootstrap (n=2000)
lambda=1.789e+05
noise_std=1.105e+03
rel_err=0.1208
sigma_gauss=0.003640
1.00000000e-06	2.71783698e+01	1.38044685e+00
2.89953623e-03	2.71783698e+01	1.38044685e+00
5.79807246e-03	2.49966431e+01	1.01283860e+00
8.69660870e-03	2.11295129e+01	7.72188947e-01
1.15951449e-02	1.61387572e+01	8.91343150e-01
1.44936812e-02	1.17052254e+01	1.03753079e+00
1.73922174e-02	7.71743840e+00	1.13353478e+00
2.02907536e-02	4.86080087e+00	1.16961598e+00
2.31892899e-02	3.02107728e+00	1.16726972e+00
2.60878261e-02	2.07081726e+00	1.13896504e+00
2.89863623e-02	1.65900387e+00	1.10495466e+00
3.18848986e-02	1.70168641e+00	1.12031090e+00
3.47834348e-02	1.95874534e+00	1.16775850e+00
3.76819710e-02	2.31949569e+00	1.21446997e+00
4.05805072e-02	2.77740274e+00	1.26154139e+00
4.34790435e-02	3.29174950e+00	1.30399201e+00
4.63775797e-02	3.86033133e+00	1.33978201e+00
4.92761159e-02	4.45324273e+00	1.37139249e+00
5.21746522e-02	5.06908117e+00	1.40637887e+00
5.50731884e-02	5.65843580e+00	1.44270738e+00
5.79717246e-02	6.20110618e+00	1.47792702e+00
6.08702609e-02	6.70148370e+00	1.50550649e+00
6.37687971e-02	7.19147315e+00	1.51738156e+00
6.66673333e-02	7.67152867e+00	1.51402476e+00
6.95658696e-02	8.16304028e+00	1.50589926e+00
7.24644058e-02	8.66550491e+00	1.50765552e+00
7.53629420e-02	9.17467290e+00	1.53382585e+00
7.82614783e-02	9.67875171e+00	1.56620546e+00
8.11600145e-02	1.01779100e+01	1.57819385e+00
8.40585507e-02	1.06723037e+01	1.57260028e+00
8.69570870e-02	1.11620772e+01	1.57727810e+00
8.98556232e-02	1.16307696e+01	1.59687709e+00
9.27541594e-02	1.20790473e+01	1.61808439e+00
9.56526957e-02	1.25075350e+01	1.65165752e+00
9.85512319e-02	1.28979306e+01	1.68679692e+00
1.01449768e-01	1.32513455e+01	1.70622133e+00
1.04348304e-01	1.35688272e+01	1.71237462e+00
1.07246841e-01	1.38513650e+01	1.72459890e+00
1.10145377e-01	1.41366907e+01	1.74304444e+00
1.13043913e-01	1.44246982e+01	1.75968102e+00
1.15942449e-01	1.47152861e+01	1.78372989e+00
1.18840986e-01	1.49789169e+01	1.81301591e+00
1.21739522e-01	1.52162293e+01	1.83328660e+00
1.24638058e-01	1.54278317e+01	1.84484446e+00
1.27536594e-01	1.56143032e+01	1.86065778e+00
1.30435130e-01	1.57329964e+01	1.87878831e+00
1.33333667e-01	1.57854297e+01	1.89244163e+00
1.36232203e-01	1.57730558e+01	1.90756511e+00
1.39130739e-01	1.56814042e+01	1.92029077e+00
1.42029275e-01	1.55121485e+01	1.92019890e+00
1.44927812e-01	1.52668943e+01	1.90851301e+00
1.47826348e-01	1.49418622e+01	1.88969899e+00
1.50724884e-01	1.45742649e+01	1.86676036e+00
1.53623420e-01	1.41649105e+01	1.83926540e+00
1.56521957e-01	1.37145764e+01	1.81776584e+00
1.59420493e-01	1.32406771e+01	1.80608124e+00
1.62319029e-01	1.27436081e+01	1.80098049e+00
1.65217565e-01	1.22237504e+01	1.80922707e+00
1.68116101e-01	1.16712409e+01	1.84431808e+00
1.71014638e-01	1.11399190e+01	1.91044551e+00
1.73913174e-01	1.06293366e+01	2.00556239e+00
1.76811710e-01	1.01390595e+01	2.13396347e+00
1.79710246e-01	9.68598363e+00	2.29070779e+00
1.82608783e-01	9.26939005e+00	2.46364469e+00
1.85507319e-01	8.88858068e+00	2.64815780e+00
1.88405855e-01	8.57705791e+00	2.82378598e+00
1.91304391e-01	8.33359423e+00	2.97771829e+00
1.94202928e-01	8.15699686e+00	3.10332297e+00
1.97101464e-01	8.04610618e+00	3.19800337e+00
2.00000000e-01	7.99170691e+00	3.24616006e+00
