B_loc(T)	f(B_loc)	error
File: FieldSweep 4.50K.txt
Method: Bootstrap (n=2000)
lambda=1.417e+05
noise_std=9.896e+02
rel_err=0.1515
sigma_gauss=0.003640
1.00000000e-06	2.71355267e+01	1.33894029e+00
2.89953623e-03	2.71355267e+01	1.33894029e+00
5.79807246e-03	2.48517829e+01	9.42707836e-01
8.69660870e-03	2.06635305e+01	7.09896726e-01
1.15951449e-02	1.52055794e+01	8.70228182e-01
1.44936812e-02	1.04959579e+01	1.02563911e+00
1.73922174e-02	6.38495561e+00	1.11475322e+00
2.02907536e-02	3.56971770e+00	1.12853045e+00
2.31892899e-02	1.83571776e+00	1.05007477e+00
2.60878261e-02	1.03477786e+00	9.13637132e-01
2.89863623e-02	7.40079108e-01	8.21214468e-01
3.18848986e-02	7.95340354e-01	8.57583529e-01
3.47834348e-02	1.02346006e+00	9.57607492e-01
3.76819710e-02	1.33606918e+00	1.05532106e+00
4.05805072e-02	1.73161030e+00	1.14616872e+00
4.34790435e-02	2.16231977e+00	1.21720087e+00
4.63775797e-02	2.63720133e+00	1.26298349e+00
4.92761159e-02	3.12131749e+00	1.29639138e+00
5.21746522e-02	3.61590948e+00	1.33068287e+00
5.50731884e-02	4.10105695e+00	1.36821691e+00
5.79717246e-02	4.53446778e+00	1.40728295e+00
6.08702609e-02	4.94983662e+00	1.44136821e+00
6.37687971e-02	5.35552871e+00	1.45918459e+00
6.66673333e-02	5.75202781e+00	1.46008508e+00
6.95658696e-02	6.12217068e+00	1.45389479e+00
7.24644058e-02	6.46703409e+00	1.45779961e+00
7.53629420e-02	6.76618495e+00	1.48929862e+00
7.82614783e-02	7.04408846e+00	1.52689395e+00
8.11600145e-02	7.30150419e+00	1.53958717e+00
8.40585507e-02	7.53913645e+00	1.53144978e+00
8.69570870e-02	7.75764001e+00	1.53634864e+00
8.98556232e-02	7.95145787e+00	1.55871939e+00
9.27541594e-02	8.12136188e+00	1.58197395e+00
9.56526957e-02	8.26807487e+00	1.61909179e+00
9.85512319e-02	8.42851068e+00	1.65778722e+00
1.01449768e-01	8.60222115e+00	1.67725288e+00
1.04348304e-01	8.78878240e+00	1.68036504e+00
1.07246841e-01	8.98779289e+00	1.69027621e+00
1.10145377e-01	9.17872566e+00	1.70714373e+00
1.13043913e-01	9.36175791e+00	1.72111107e+00
1.15942449e-01	9.53705684e+00	1.74346182e+00
1.18840986e-01	9.69701214e+00	1.77207652e+00
1.21739522e-01	9.84196339e+00	1.78993304e+00
1.24638058e-01	9.97223313e+00	1.79764253e+00
1.27536594e-01	1.00881281e+01	1.81124576e+00
1.30435130e-01	1.01592970e+01	1.82938340e+00
1.33333667e-01	1.01867182e+01	1.84383611e+00
1.36232203e-01	1.01713271e+01	1.86202338e+00
1.39130739e-01	1.01044986e+01	1.87941773e+00
1.42029275e-01	9.98729392e+00	1.88313048e+00
1.44927812e-01	9.82073092e+00	1.87443385e+00
1.47826348e-01	9.59443712e+00	1.85852153e+00
1.50724884e-01	9.30988794e+00	1.83770363e+00
1.53623420e-01	8.96820052e+00	1.81014084e+00
1.56521957e-01	8.57044977e+00	1.78717430e+00
1.59420493e-01	8.16149457e+00	1.77116557e+00
1.62319029e-01	7.74148880e+00	1.75643724e+00
1.65217565e-01	7.31057990e+00	1.74963986e+00
1.68116101e-01	6.86544693e+00	1.76570474e+00
1.71014638e-01	6.46923094e+00	1.80965815e+00
1.73913174e-01	6.12098052e+00	1.88011479e+00
1.76811710e-01	5.81975615e+00	1.98439752e+00
1.79710246e-01	5.54998247e+00	2.11909099e+00
1.82608783e-01	5.31103728e+00	2.27124597e+00
1.85507319e-01	5.10221758e+00	2.43744278e+00
1.88405855e-01	4.94194534e+00	2.59595066e+00
1.91304391e-01	4.82812465e+00	2.73382938e+00
1.94202928e-01	4.75842240e+00	2.84583473e+00
1.97101464e-01	4.73012963e+00	2.93205386e+00
2.00000000e-01	4.71750449e+00	2.97602926e+00
