B_loc(T)	f(B_loc)	error
File: FieldSweep 5.50K.txt
Method: Bootstrap (n=2000)
lambda=1.789e+05
noise_std=6.775e+02
rel_err=0.1894
sigma_gauss=0.003640
1.00000000e-06	1.76897740e+01	8.47021736e-01
2.89953623e-03	1.76897740e+01	8.47021736e-01
5.79807246e-03	1.66362715e+01	6.18418434e-01
8.69660870e-03	1.43622465e+01	4.61323132e-01
1.15951449e-02	1.12745234e+01	5.27405268e-01
1.44936812e-02	8.29469090e+00	6.22338565e-01
1.73922174e-02	5.40115967e+00	6.93912927e-01
2.02907536e-02	3.16100667e+00	7.24155516e-01
2.31892899e-02	1.64901866e+00	6.90369874e-01
2.60878261e-02	7.73917163e-01	5.91252820e-01
2.89863623e-02	3.80205473e-01	4.65157364e-01
3.18848986e-02	2.95648566e-01	4.26957128e-01
3.47834348e-02	3.53989553e-01	4.65619086e-01
3.76819710e-02	4.86004597e-01	5.37118658e-01
4.05805072e-02	7.03572680e-01	6.25812712e-01
4.34790435e-02	9.41514023e-01	7.01924114e-01
4.63775797e-02	1.21178195e+00	7.57970481e-01
4.92761159e-02	1.47329911e+00	7.97716710e-01
5.21746522e-02	1.73039427e+00	8.27560055e-01
5.50731884e-02	1.96368563e+00	8.52572354e-01
5.79717246e-02	2.18074379e+00	8.73981640e-01
6.08702609e-02	2.38933697e+00	8.90747259e-01
6.37687971e-02	2.59430355e+00	8.99283066e-01
6.66673333e-02	2.79604397e+00	8.99706982e-01
6.95658696e-02	2.99000883e+00	8.97973083e-01
7.24644058e-02	3.17650918e+00	9.03202729e-01
7.53629420e-02	3.34168403e+00	9.23618194e-01
7.82614783e-02	3.49428280e+00	9.47050023e-01
8.11600145e-02	3.63475796e+00	9.57112601e-01
8.40585507e-02	3.76352919e+00	9.55749766e-01
8.69570870e-02	3.88098676e+00	9.60289655e-01
8.98556232e-02	3.96299732e+00	9.73506780e-01
9.27541594e-02	4.01070230e+00	9.87212884e-01
9.56526957e-02	4.02517175e+00	1.00805294e+00
9.85512319e-02	4.01766261e+00	1.02934829e+00
1.01449768e-01	3.98881628e+00	1.04042525e+00
1.04348304e-01	3.93923735e+00	1.04272888e+00
1.07246841e-01	3.86949671e+00	1.04812858e+00
1.10145377e-01	3.81208662e+00	1.05671979e+00
1.13043913e-01	3.76665572e+00	1.06349096e+00
1.15942449e-01	3.73287000e+00	1.07413445e+00
1.18840986e-01	3.70503226e+00	1.08762331e+00
1.21739522e-01	3.68297213e+00	1.09511084e+00
1.24638058e-01	3.66652673e+00	1.09681442e+00
1.27536594e-01	3.65554016e+00	1.10100982e+00
1.30435130e-01	3.60636340e+00	1.10790986e+00
1.33333667e-01	3.51978264e+00	1.11365295e+00
1.36232203e-01	3.39658369e+00	1.12226129e+00
1.39130739e-01	3.26951812e+00	1.13184580e+00
1.42029275e-01	3.13865078e+00	1.13551220e+00
1.44927812e-01	3.00405795e+00	1.13371336e+00
1.47826348e-01	2.87034003e+00	1.12942566e+00
1.50724884e-01	2.73558233e+00	1.12354428e+00
1.53623420e-01	2.59970142e+00	1.11482786e+00
1.56521957e-01	2.46267179e+00	1.10845730e+00
1.59420493e-01	2.33330713e+00	1.10388806e+00
1.62319029e-01	2.21120443e+00	1.09743403e+00
1.65217565e-01	2.09585513e+00	1.09171491e+00
1.68116101e-01	1.98953528e+00	1.09359298e+00
1.71014638e-01	1.88180222e+00	1.10318958e+00
1.73913174e-01	1.77204367e+00	1.11974670e+00
1.76811710e-01	1.65960274e+00	1.14741242e+00
1.79710246e-01	1.56655344e+00	1.18558499e+00
1.82608783e-01	1.49027132e+00	1.23118211e+00
1.85507319e-01	1.42861604e+00	1.28448394e+00
1.88405855e-01	1.38813346e+00	1.33529056e+00
1.91304391e-01	1.36421333e+00	1.37997037e+00
1.94202928e-01	1.35356526e+00	1.41691773e+00
1.97101464e-01	1.35365183e+00	1.44626603e+00
2.00000000e-01	1.35506296e+00	1.46122464e+00
