B_loc(T)	f(B_loc)	error
File: FieldSweep 6.20K.txt
Method: Bootstrap (n=2000)
lambda=1.789e+05
noise_std=6.677e+02
rel_err=0.2000
sigma_gauss=0.003640
1.00000000e-06	1.73612489e+01	8.34229294e-01
2.89953623e-03	1.73612489e+01	8.34229294e-01
5.79807246e-03	1.60501591e+01	6.10569744e-01
8.69660870e-03	1.35709437e+01	4.61175536e-01
1.15951449e-02	1.03129620e+01	5.30368684e-01
1.44936812e-02	7.35824491e+00	6.20372336e-01
1.73922174e-02	4.64611986e+00	6.82113800e-01
2.02907536e-02	2.75119680e+00	7.04761727e-01
2.31892899e-02	1.53753016e+00	6.87277822e-01
2.60878261e-02	9.18929562e-01	6.35936347e-01
2.89863623e-02	6.34428111e-01	5.78312737e-01
3.18848986e-02	5.99825880e-01	5.74393531e-01
3.47834348e-02	6.74417998e-01	6.06312297e-01
3.76819710e-02	7.73388634e-01	6.42484663e-01
4.05805072e-02	9.35350023e-01	6.87795001e-01
4.34790435e-02	1.10831961e+00	7.29026505e-01
4.63775797e-02	1.29691729e+00	7.62621105e-01
4.92761159e-02	1.48647387e+00	7.91270735e-01
5.21746522e-02	1.67887550e+00	8.20041113e-01
5.50731884e-02	1.89777022e+00	8.48717458e-01
5.79717246e-02	2.12872537e+00	8.74423541e-01
6.08702609e-02	2.38766700e+00	8.93794947e-01
6.37687971e-02	2.66094868e+00	9.02988570e-01
6.66673333e-02	2.94814541e+00	9.02225100e-01
6.95658696e-02	3.22234324e+00	8.98179215e-01
7.24644058e-02	3.48407141e+00	9.00017805e-01
7.53629420e-02	3.72021355e+00	9.16532787e-01
7.82614783e-02	3.91941595e+00	9.36370714e-01
8.11600145e-02	4.08304355e+00	9.43273357e-01
8.40585507e-02	4.21236372e+00	9.38873124e-01
8.69570870e-02	4.30855629e+00	9.40060731e-01
8.98556232e-02	4.36923796e+00	9.49640655e-01
9.27541594e-02	4.39555323e+00	9.59383494e-01
9.56526957e-02	4.38857503e+00	9.75845798e-01
9.85512319e-02	4.35052369e+00	9.92922855e-01
1.01449768e-01	4.28231151e+00	9.99929685e-01
1.04348304e-01	4.18479862e+00	9.98316646e-01
1.07246841e-01	4.05879731e+00	1.00017053e+00
1.10145377e-01	3.91554300e+00	1.00616388e+00
1.13043913e-01	3.75548036e+00	1.01112365e+00
1.15942449e-01	3.57903097e+00	1.02074021e+00
1.18840986e-01	3.39110158e+00	1.03389052e+00
1.21739522e-01	3.19195928e+00	1.04102654e+00
1.24638058e-01	2.98185813e+00	1.04187827e+00
1.27536594e-01	2.76099964e+00	1.04452283e+00
1.30435130e-01	2.55509723e+00	1.04903455e+00
1.33333667e-01	2.36349848e+00	1.05115425e+00
1.36232203e-01	2.18549849e+00	1.05485904e+00
1.39130739e-01	2.01456378e+00	1.05603125e+00
1.42029275e-01	1.84968925e+00	1.04838672e+00
1.44927812e-01	1.68961050e+00	1.03326810e+00
1.47826348e-01	1.53232969e+00	1.01354438e+00
1.50724884e-01	1.38402444e+00	9.88236471e-01
1.53623420e-01	1.24228128e+00	9.57425040e-01
1.56521957e-01	1.10512501e+00	9.26784023e-01
1.59420493e-01	9.88441885e-01	8.94682331e-01
1.62319029e-01	8.87895621e-01	8.59588442e-01
1.65217565e-01	7.99731735e-01	8.24923293e-01
1.68116101e-01	7.22710574e-01	7.97358475e-01
1.71014638e-01	6.65008887e-01	7.78494595e-01
1.73913174e-01	6.22730309e-01	7.68751970e-01
1.76811710e-01	5.93456627e-01	7.72317233e-01
1.79710246e-01	5.80845302e-01	7.90601042e-01
1.82608783e-01	5.80524195e-01	8.20871761e-01
1.85507319e-01	5.90371920e-01	8.62890432e-01
1.88405855e-01	6.03125304e-01	9.04824287e-01
1.91304391e-01	6.15416495e-01	9.42612983e-01
1.94202928e-01	6.25439062e-01	9.74427104e-01
1.97101464e-01	6.32760320e-01	9.99587742e-01
2.00000000e-01	6.37432670e-01	1.01289658e+00
