B_loc(T)	f(B_loc)	error
File: FieldSweep 6.90K.txt
Method: Bootstrap (n=2000)
lambda=1.417e+05
noise_std=6.803e+02
rel_err=0.1782
sigma_gauss=0.003640
1.00000000e-06	1.75468453e+01	9.19935239e-01
2.89953623e-03	1.75468453e+01	9.19935239e-01
5.79807246e-03	1.59536085e+01	6.49636607e-01
8.69660870e-03	1.31539358e+01	4.96615577e-01
1.15951449e-02	9.54995585e+00	6.11760375e-01
1.44936812e-02	6.52810102e+00	7.14860981e-01
1.73922174e-02	3.97191321e+00	7.67172436e-01
2.02907536e-02	2.36723803e+00	7.73628501e-01
2.31892899e-02	1.44563071e+00	7.53357733e-01
2.60878261e-02	1.11562177e+00	7.29571372e-01
2.89863623e-02	1.05917254e+00	7.27845969e-01
3.18848986e-02	1.23958035e+00	7.62358069e-01
3.47834348e-02	1.55794849e+00	8.05819768e-01
3.76819710e-02	1.96769384e+00	8.33700182e-01
4.05805072e-02	2.42682635e+00	8.56313996e-01
4.34790435e-02	2.86542618e+00	8.75263361e-01
4.63775797e-02	3.28488314e+00	8.92771439e-01
4.92761159e-02	3.68362987e+00	9.11287861e-01
5.21746522e-02	4.06287506e+00	9.35820004e-01
5.50731884e-02	4.41529830e+00	9.63265625e-01
5.79717246e-02	4.70578092e+00	9.90598875e-01
6.08702609e-02	4.95602228e+00	1.01253635e+00
6.37687971e-02	5.18017898e+00	1.02207395e+00
6.66673333e-02	5.37942635e+00	1.01900741e+00
6.95658696e-02	5.55652740e+00	1.01057851e+00
7.24644058e-02	5.71239368e+00	1.00840273e+00
7.53629420e-02	5.82798722e+00	1.02485824e+00
7.82614783e-02	5.90028511e+00	1.04567756e+00
8.11600145e-02	5.93088650e+00	1.04913627e+00
8.40585507e-02	5.92127615e+00	1.03748919e+00
8.69570870e-02	5.87283627e+00	1.03387896e+00
8.98556232e-02	5.74164915e+00	1.04189295e+00
9.27541594e-02	5.53040093e+00	1.04987624e+00
9.56526957e-02	5.24161042e+00	1.06706005e+00
9.85512319e-02	4.96050134e+00	1.08666611e+00
1.01449768e-01	4.68681807e+00	1.09375792e+00
1.04348304e-01	4.42031873e+00	1.09025279e+00
1.07246841e-01	4.16077403e+00	1.09287278e+00
1.10145377e-01	3.88571557e+00	1.10217271e+00
1.13043913e-01	3.59553437e+00	1.10990006e+00
1.15942449e-01	3.29060093e+00	1.12316178e+00
1.18840986e-01	2.99259301e+00	1.13816030e+00
1.21739522e-01	2.70119359e+00	1.14094099e+00
1.24638058e-01	2.41599533e+00	1.13084904e+00
1.27536594e-01	2.13618813e+00	1.11958851e+00
1.30435130e-01	1.88730683e+00	1.10614378e+00
1.33333667e-01	1.66686650e+00	1.08574460e+00
1.36232203e-01	1.47220278e+00	1.06523680e+00
1.39130739e-01	1.30611510e+00	1.04033430e+00
1.42029275e-01	1.16288546e+00	1.00552729e+00
1.44927812e-01	1.03773817e+00	9.63392949e-01
1.47826348e-01	9.15909331e-01	9.16728181e-01
1.50724884e-01	8.12996334e-01	8.70050186e-01
1.53623420e-01	7.22492708e-01	8.24052959e-01
1.56521957e-01	6.40425335e-01	7.85746304e-01
1.59420493e-01	5.79926695e-01	7.54669523e-01
1.62319029e-01	5.33866962e-01	7.26858606e-01
1.65217565e-01	4.98517147e-01	7.03933470e-01
1.68116101e-01	4.73819478e-01	6.91844788e-01
1.71014638e-01	4.61840152e-01	6.89352106e-01
1.73913174e-01	4.60047841e-01	6.95257946e-01
1.76811710e-01	4.68621257e-01	7.13842806e-01
1.79710246e-01	4.81329365e-01	7.43844627e-01
1.82608783e-01	4.95759538e-01	7.81865069e-01
1.85507319e-01	5.11185933e-01	8.29140073e-01
1.88405855e-01	5.31461426e-01	8.79912353e-01
1.91304391e-01	5.53041860e-01	9.28842198e-01
1.94202928e-01	5.74713769e-01	9.73356272e-01
1.97101464e-01	5.96966882e-01	1.01249564e+00
2.00000000e-01	6.09213746e-01	1.03308065e+00
