B_loc(T)	f(B_loc)	error
File: FieldSweep 7.50K.txt
Method: Bootstrap (n=2000)
lambda=1.123e+05
noise_std=6.283e+02
rel_err=0.1576
sigma_gauss=0.003640
1.00000000e-06	1.78262874e+01	9.21084997e-01
2.89953623e-03	1.78262874e+01	9.21084997e-01
5.79807246e-03	1.59894317e+01	6.26706463e-01
8.69660870e-03	1.29813498e+01	4.88315505e-01
1.15951449e-02	9.19243379e+00	6.37509604e-01
1.44936812e-02	6.21588178e+00	7.39175915e-01
1.73922174e-02	3.88917675e+00	7.75555363e-01
2.02907536e-02	2.59822462e+00	7.73449584e-01
2.31892899e-02	1.99239268e+00	7.70623135e-01
2.60878261e-02	1.98519900e+00	7.82243297e-01
2.89863623e-02	2.22363589e+00	8.02101197e-01
3.18848986e-02	2.68336581e+00	8.28919294e-01
3.47834348e-02	3.16060522e+00	8.49524240e-01
3.76819710e-02	3.63089760e+00	8.54084977e-01
4.05805072e-02	4.06956476e+00	8.64803821e-01
4.34790435e-02	4.49144078e+00	8.80698848e-01
4.63775797e-02	4.89763530e+00	8.99908754e-01
4.92761159e-02	5.29438651e+00	9.20763686e-01
5.21746522e-02	5.68223819e+00	9.47151972e-01
5.50731884e-02	6.03301875e+00	9.75492323e-01
5.79717246e-02	6.27254363e+00	1.00301555e+00
6.08702609e-02	6.44438001e+00	1.02497760e+00
6.37687971e-02	6.54335052e+00	1.03327662e+00
6.66673333e-02	6.57276943e+00	1.02688949e+00
6.95658696e-02	6.52652480e+00	1.01289544e+00
7.24644058e-02	6.40777276e+00	1.00481950e+00
7.53629420e-02	6.23121710e+00	1.01855656e+00
7.82614783e-02	6.03338524e+00	1.03770184e+00
8.11600145e-02	5.81504451e+00	1.03575285e+00
8.40585507e-02	5.57690667e+00	1.01578766e+00
8.69570870e-02	5.31963367e+00	1.00737074e+00
8.98556232e-02	5.02532568e+00	1.01533831e+00
9.27541594e-02	4.69516114e+00	1.02414692e+00
9.56526957e-02	4.33024435e+00	1.04531092e+00
9.85512319e-02	3.96175481e+00	1.07082258e+00
1.01449768e-01	3.58976010e+00	1.08037282e+00
1.04348304e-01	3.21432289e+00	1.07513314e+00
1.07246841e-01	2.83550129e+00	1.07487943e+00
1.10145377e-01	2.49522022e+00	1.07693357e+00
1.13043913e-01	2.19172508e+00	1.07106638e+00
1.15942449e-01	1.92219040e+00	1.06917295e+00
1.18840986e-01	1.68469129e+00	1.06335819e+00
1.21739522e-01	1.47456635e+00	1.04080502e+00
1.24638058e-01	1.28713983e+00	1.00360917e+00
1.27536594e-01	1.11884731e+00	9.66194041e-01
1.30435130e-01	9.75560684e-01	9.26658743e-01
1.33333667e-01	8.48995972e-01	8.82165327e-01
1.36232203e-01	7.33027501e-01	8.41774318e-01
1.39130739e-01	6.42636350e-01	8.03459838e-01
1.42029275e-01	5.67171436e-01	7.59611674e-01
1.44927812e-01	4.99892720e-01	7.11922411e-01
1.47826348e-01	4.41606728e-01	6.67645165e-01
1.50724884e-01	4.00248327e-01	6.31457549e-01
1.53623420e-01	3.69734619e-01	6.01073029e-01
1.56521957e-01	3.47772796e-01	5.82868941e-01
1.59420493e-01	3.35899611e-01	5.73780973e-01
1.62319029e-01	3.29558554e-01	5.66697681e-01
1.65217565e-01	3.27367059e-01	5.62828756e-01
1.68116101e-01	3.28083796e-01	5.66686567e-01
1.71014638e-01	3.35755664e-01	5.78081316e-01
1.73913174e-01	3.50143494e-01	5.95298442e-01
1.76811710e-01	3.73999759e-01	6.24027763e-01
1.79710246e-01	4.03637984e-01	6.65896076e-01
1.82608783e-01	4.37887208e-01	7.17402467e-01
1.85507319e-01	4.77100442e-01	7.81209179e-01
1.88405855e-01	5.12396402e-01	8.45206861e-01
1.91304391e-01	5.41692172e-01	9.02682468e-01
1.94202928e-01	5.64225441e-01	9.51195428e-01
1.97101464e-01	5.80505390e-01	9.90530831e-01
2.00000000e-01	5.90403002e-01	1.01131977e+00
