B_loc(T)	f(B_loc)	error
File: FieldSweep 8.00K.txt
Method: Bootstrap (n=2000)
lambda=1.417e+05
noise_std=6.818e+02
rel_err=0.1565
sigma_gauss=0.003640
1.00000000e-06	1.72744271e+01	9.22049526e-01
2.89953623e-03	1.72744271e+01	9.22049526e-01
5.79807246e-03	1.57257543e+01	6.52572498e-01
8.69660870e-03	1.31486748e+01	5.02495143e-01
1.15951449e-02	9.88597617e+00	6.19050705e-01
1.44936812e-02	7.32480594e+00	7.19868931e-01
1.73922174e-02	5.32482043e+00	7.69056896e-01
2.02907536e-02	4.26243622e+00	7.78902501e-01
2.31892899e-02	3.83442527e+00	7.82362144e-01
2.60878261e-02	3.96141667e+00	7.92156066e-01
2.89863623e-02	4.26427943e+00	8.05570319e-01
3.18848986e-02	4.72539133e+00	8.24899766e-01
3.47834348e-02	5.15606453e+00	8.41666006e-01
3.76819710e-02	5.52455828e+00	8.48107607e-01
4.05805072e-02	5.81573801e+00	8.61447349e-01
4.34790435e-02	6.06120317e+00	8.79736061e-01
4.63775797e-02	6.26399779e+00	9.00845209e-01
4.92761159e-02	6.43458231e+00	9.22922465e-01
5.21746522e-02	6.57484483e+00	9.49048644e-01
5.50731884e-02	6.67384747e+00	9.75679506e-01
5.79717246e-02	6.76250738e+00	1.00025381e+00
6.08702609e-02	6.81030975e+00	1.01791815e+00
6.37687971e-02	6.82520473e+00	1.02192671e+00
6.66673333e-02	6.80868643e+00	1.01154932e+00
6.95658696e-02	6.73686019e+00	9.94026869e-01
7.24644058e-02	6.61203627e+00	9.80870634e-01
7.53629420e-02	6.41277579e+00	9.86170763e-01
7.82614783e-02	6.15866959e+00	9.97475030e-01
8.11600145e-02	5.85175463e+00	9.92411543e-01
8.40585507e-02	5.49392261e+00	9.73415022e-01
8.69570870e-02	5.08693494e+00	9.65469211e-01
8.98556232e-02	4.67091995e+00	9.74897740e-01
9.27541594e-02	4.24615277e+00	9.88082281e-01
9.56526957e-02	3.81289084e+00	1.01317497e+00
9.85512319e-02	3.38797169e+00	1.04020181e+00
1.01449768e-01	2.97112575e+00	1.05038714e+00
1.04348304e-01	2.56209816e+00	1.04300104e+00
1.07246841e-01	2.16063653e+00	1.03276041e+00
1.10145377e-01	1.81329244e+00	1.01511661e+00
1.13043913e-01	1.51561001e+00	9.85618247e-01
1.15942449e-01	1.26243069e+00	9.55965591e-01
1.18840986e-01	1.05911952e+00	9.21711239e-01
1.21739522e-01	8.95637953e-01	8.76825924e-01
1.24638058e-01	7.62420294e-01	8.25636496e-01
1.27536594e-01	6.52265964e-01	7.80966369e-01
1.30435130e-01	5.70315001e-01	7.42838790e-01
1.33333667e-01	5.06388726e-01	7.08594997e-01
1.36232203e-01	4.55964820e-01	6.82571875e-01
1.39130739e-01	4.17848293e-01	6.60031129e-01
1.42029275e-01	3.84760768e-01	6.33632944e-01
1.44927812e-01	3.53394092e-01	6.03548889e-01
1.47826348e-01	3.27925143e-01	5.76769394e-01
1.50724884e-01	3.08869809e-01	5.53818221e-01
1.53623420e-01	2.92669906e-01	5.33205960e-01
1.56521957e-01	2.79200988e-01	5.19766343e-01
1.59420493e-01	2.73446715e-01	5.14201087e-01
1.62319029e-01	2.72057592e-01	5.11288762e-01
1.65217565e-01	2.74250430e-01	5.12296958e-01
1.68116101e-01	2.82001368e-01	5.22783724e-01
1.71014638e-01	2.92170412e-01	5.37946519e-01
1.73913174e-01	3.04823608e-01	5.56395351e-01
1.76811710e-01	3.21711636e-01	5.82637834e-01
1.79710246e-01	3.41590370e-01	6.18125841e-01
1.82608783e-01	3.63131308e-01	6.60126014e-01
1.85507319e-01	3.86710957e-01	7.10245919e-01
1.88405855e-01	4.11322794e-01	7.61844818e-01
1.91304391e-01	4.34488883e-01	8.10000301e-01
1.94202928e-01	4.55564401e-01	8.52605225e-01
1.97101464e-01	4.75227670e-01	8.89152537e-01
2.00000000e-01	4.86195766e-01	9.08396845e-01
