B_loc(T)	f(B_loc)	error
File: FieldSweep 8.50K.txt
Method: Bootstrap (n=10000)
lambda=2.257e+05
noise_std=6.574e+02
rel_err=0.1508
sigma_gauss=0.003640
1.00000000e-06	1.81995904e+01	7.42186676e-01
2.89953623e-03	1.81995904e+01	7.42186676e-01
5.79807246e-03	1.71042074e+01	5.68247252e-01
8.69660870e-03	1.53151015e+01	4.43416644e-01
1.15951449e-02	1.30635040e+01	4.79870276e-01
1.44936812e-02	1.11539913e+01	5.44528723e-01
1.73922174e-02	9.51812657e+00	5.99518011e-01
2.02907536e-02	8.38959641e+00	6.32140765e-01
2.31892899e-02	7.62902071e+00	6.48321961e-01
2.60878261e-02	7.19036014e+00	6.55649478e-01
2.89863623e-02	6.91367632e+00	6.59998680e-01
3.18848986e-02	6.78274031e+00	6.67790214e-01
3.47834348e-02	6.70620886e+00	6.78207290e-01
3.76819710e-02	6.60845687e+00	6.88470471e-01
4.05805072e-02	6.52278209e+00	7.05624702e-01
4.34790435e-02	6.42279803e+00	7.23677094e-01
4.63775797e-02	6.30944939e+00	7.40410293e-01
4.92761159e-02	6.15322209e+00	7.52174694e-01
5.21746522e-02	5.95663656e+00	7.61690162e-01
5.50731884e-02	5.70638952e+00	7.68661060e-01
5.79717246e-02	5.38663533e+00	7.72380067e-01
6.08702609e-02	5.02203443e+00	7.73293481e-01
6.37687971e-02	4.61777734e+00	7.69173734e-01
6.66673333e-02	4.17566523e+00	7.59975733e-01
6.95658696e-02	3.72208328e+00	7.51858037e-01
7.24644058e-02	3.25749826e+00	7.51617350e-01
7.53629420e-02	2.80727885e+00	7.66328649e-01
7.82614783e-02	2.39428318e+00	7.81430701e-01
8.11600145e-02	2.01708425e+00	7.80057681e-01
8.40585507e-02	1.67413003e+00	7.60941698e-01
8.69570870e-02	1.36366585e+00	7.35927251e-01
8.98556232e-02	1.09942813e+00	7.05763758e-01
9.27541594e-02	8.76915899e-01	6.66707483e-01
9.56526957e-02	6.90066959e-01	6.28495450e-01
9.85512319e-02	5.56468659e-01	5.91442984e-01
1.01449768e-01	4.62635776e-01	5.54482386e-01
1.04348304e-01	3.97414275e-01	5.21635460e-01
1.07246841e-01	3.54671329e-01	5.00527534e-01
1.10145377e-01	3.24297275e-01	4.84791594e-01
1.13043913e-01	3.00357264e-01	4.70934494e-01
1.15942449e-01	2.80336276e-01	4.61582593e-01
1.18840986e-01	2.64249385e-01	4.53006815e-01
1.21739522e-01	2.47938831e-01	4.40284431e-01
1.24638058e-01	2.29621227e-01	4.23066337e-01
1.27536594e-01	2.09136709e-01	4.05235690e-01
1.30435130e-01	1.94061436e-01	3.91234322e-01
1.33333667e-01	1.81495491e-01	3.78493730e-01
1.36232203e-01	1.70799874e-01	3.68624562e-01
1.39130739e-01	1.64237326e-01	3.61822124e-01
1.42029275e-01	1.59333903e-01	3.55183676e-01
1.44927812e-01	1.55578877e-01	3.49283728e-01
1.47826348e-01	1.54866488e-01	3.46786809e-01
1.50724884e-01	1.54316569e-01	3.45144759e-01
1.53623420e-01	1.53307614e-01	3.43338573e-01
1.56521957e-01	1.52748263e-01	3.43568679e-01
1.59420493e-01	1.54307632e-01	3.47067811e-01
1.62319029e-01	1.57108092e-01	3.51792751e-01
1.65217565e-01	1.61483281e-01	3.58949294e-01
1.68116101e-01	1.68192902e-01	3.71077235e-01
1.71014638e-01	1.76883928e-01	3.87322006e-01
1.73913174e-01	1.87391025e-01	4.07499240e-01
1.76811710e-01	2.00506428e-01	4.34120186e-01
1.79710246e-01	2.16465525e-01	4.66779342e-01
1.82608783e-01	2.34750282e-01	5.03671142e-01
1.85507319e-01	2.55756931e-01	5.45048810e-01
1.88405855e-01	2.74595083e-01	5.84315848e-01
1.91304391e-01	2.90523487e-01	6.18504094e-01
1.94202928e-01	3.03361014e-01	6.46276584e-01
1.97101464e-01	3.13506645e-01	6.67186920e-01
2.00000000e-01	3.19034983e-01	6.78126619e-01
