B_loc(T)	f(B_loc)	error
File: FieldSweep 9.00K.txt
Method: Bootstrap (n=2000)
lambda=3.594e+05
noise_std=8.589e+02
rel_err=0.1327
sigma_gauss=0.003640
1.00000000e-06	3.30736865e+01	8.54080216e-01
2.89953623e-03	3.30736865e+01	8.54080216e-01
5.79807246e-03	3.28807229e+01	6.91080002e-01
8.69660870e-03	3.17447991e+01	5.43174728e-01
1.15951449e-02	2.99802226e+01	5.29927050e-01
1.44936812e-02	2.75065760e+01	5.83561960e-01
1.73922174e-02	2.44656994e+01	6.51137479e-01
2.02907536e-02	2.11190179e+01	6.95981593e-01
2.31892899e-02	1.79297336e+01	7.17322420e-01
2.60878261e-02	1.48781461e+01	7.21224368e-01
2.89863623e-02	1.22021411e+01	7.14049205e-01
3.18848986e-02	9.86409809e+00	7.05006518e-01
3.47834348e-02	7.89129270e+00	7.01578385e-01
3.76819710e-02	6.20646534e+00	7.04496077e-01
4.05805072e-02	4.82941774e+00	7.19850767e-01
4.34790435e-02	3.70248020e+00	7.40766320e-01
4.63775797e-02	2.80890980e+00	7.59229420e-01
4.92761159e-02	2.09169646e+00	7.65111751e-01
5.21746522e-02	1.54040671e+00	7.54639792e-01
5.50731884e-02	1.11883610e+00	7.21171323e-01
5.79717246e-02	8.01648832e-01	6.69163171e-01
6.08702609e-02	5.86079351e-01	6.07558860e-01
6.37687971e-02	4.43329932e-01	5.42522135e-01
6.66673333e-02	3.50049147e-01	4.83144434e-01
6.95658696e-02	2.88206143e-01	4.33854451e-01
7.24644058e-02	2.46058928e-01	3.99933929e-01
7.53629420e-02	2.17673693e-01	3.81582319e-01
7.82614783e-02	2.00442258e-01	3.70138739e-01
8.11600145e-02	1.87689430e-01	3.57621068e-01
8.40585507e-02	1.76033755e-01	3.44434178e-01
8.69570870e-02	1.66224223e-01	3.36684387e-01
8.98556232e-02	1.61032773e-01	3.35847249e-01
9.27541594e-02	1.57425094e-01	3.37283357e-01
9.56526957e-02	1.55274272e-01	3.41886453e-01
9.85512319e-02	1.56332976e-01	3.47098452e-01
1.01449768e-01	1.58445337e-01	3.49444346e-01
1.04348304e-01	1.61333969e-01	3.50212582e-01
1.07246841e-01	1.66331234e-01	3.54615747e-01
1.10145377e-01	1.71241222e-01	3.61560960e-01
1.13043913e-01	1.75760707e-01	3.68599892e-01
1.15942449e-01	1.80660862e-01	3.77743774e-01
1.18840986e-01	1.84536648e-01	3.85684988e-01
1.21739522e-01	1.86070241e-01	3.89360067e-01
1.24638058e-01	1.85332755e-01	3.89198378e-01
1.27536594e-01	1.83177883e-01	3.88798783e-01
1.30435130e-01	1.81294708e-01	3.89014492e-01
1.33333667e-01	1.78763120e-01	3.87991501e-01
1.36232203e-01	1.76355621e-01	3.86874897e-01
1.39130739e-01	1.75272797e-01	3.86464748e-01
1.42029275e-01	1.74369810e-01	3.84510634e-01
1.44927812e-01	1.73784902e-01	3.81439640e-01
1.47826348e-01	1.75105053e-01	3.80372212e-01
1.50724884e-01	1.79184424e-01	3.82517741e-01
1.53623420e-01	1.85778024e-01	3.87666453e-01
1.56521957e-01	1.95809025e-01	3.97792456e-01
1.59420493e-01	2.04540638e-01	4.08895699e-01
1.62319029e-01	2.11755370e-01	4.19240785e-01
1.65217565e-01	2.17369083e-01	4.29722670e-01
1.68116101e-01	2.23335007e-01	4.43675933e-01
1.71014638e-01	2.30587507e-01	4.60364588e-01
1.73913174e-01	2.38456093e-01	4.79448065e-01
1.76811710e-01	2.47405998e-01	5.02001442e-01
1.79710246e-01	2.56694215e-01	5.27490426e-01
1.82608783e-01	2.65837515e-01	5.54479608e-01
1.85507319e-01	2.74845211e-01	5.82879026e-01
1.88405855e-01	2.84292747e-01	6.09841122e-01
1.91304391e-01	2.92960789e-01	6.33492178e-01
1.94202928e-01	3.00366274e-01	6.52901378e-01
1.97101464e-01	3.06511117e-01	6.67731403e-01
2.00000000e-01	3.09977167e-01	6.75492572e-01
