B_loc(T)	f(B_loc)	error
File: FieldSweep 9.50K.txt
Method: Bootstrap (n=2000)
lambda=1.123e+05
noise_std=1.608e+03
rel_err=0.1244
sigma_gauss=0.003640
1.00000000e-06	7.43958370e+01	2.35556347e+00
2.89953623e-03	7.43958370e+01	2.35556347e+00
5.79807246e-03	7.81637526e+01	1.60119023e+00
8.69660870e-03	7.82973132e+01	1.24845538e+00
1.15951449e-02	7.60079192e+01	1.63034108e+00
1.44936812e-02	6.88968125e+01	1.88116591e+00
1.73922174e-02	5.79285155e+01	1.94668868e+00
2.02907536e-02	4.52096156e+01	1.88724435e+00
2.31892899e-02	3.38151784e+01	1.82009437e+00
2.60878261e-02	2.35794437e+01	1.79328996e+00
2.89863623e-02	1.56589288e+01	1.83167625e+00
3.18848986e-02	9.82172004e+00	1.91540752e+00
3.47834348e-02	5.82706829e+00	1.95345368e+00
3.76819710e-02	3.09300138e+00	1.82347453e+00
4.05805072e-02	1.57076396e+00	1.53470017e+00
4.34790435e-02	8.52476728e-01	1.20689299e+00
4.63775797e-02	5.65698067e-01	1.01431561e+00
4.92761159e-02	4.54735626e-01	9.26542807e-01
5.21746522e-02	4.36537022e-01	9.17900640e-01
5.50731884e-02	4.38502312e-01	9.21108037e-01
5.79717246e-02	4.31598398e-01	9.13135244e-01
6.08702609e-02	4.09905288e-01	8.90639145e-01
6.37687971e-02	3.85346673e-01	8.57981315e-01
6.66673333e-02	3.48902175e-01	8.05969278e-01
6.95658696e-02	3.18852144e-01	7.50500692e-01
7.24644058e-02	2.93240393e-01	7.03523121e-01
7.53629420e-02	2.80208974e-01	6.93867645e-01
7.82614783e-02	2.75582883e-01	6.95144458e-01
8.11600145e-02	2.62604769e-01	6.66945580e-01
8.40585507e-02	2.38978201e-01	6.12140419e-01
8.69570870e-02	2.16333140e-01	5.77945461e-01
8.98556232e-02	2.10680429e-01	5.86129492e-01
9.27541594e-02	2.08456849e-01	5.96546350e-01
9.56526957e-02	2.13154044e-01	6.21487346e-01
9.85512319e-02	2.21013906e-01	6.47436950e-01
1.01449768e-01	2.21454650e-01	6.50509911e-01
1.04348304e-01	2.16333012e-01	6.34552428e-01
1.07246841e-01	2.17635746e-01	6.31215552e-01
1.10145377e-01	2.21078770e-01	6.40248622e-01
1.13043913e-01	2.20894976e-01	6.42248900e-01
1.15942449e-01	2.21650563e-01	6.56191580e-01
1.18840986e-01	2.30061220e-01	6.83745662e-01
1.21739522e-01	2.37642897e-01	7.02309756e-01
1.24638058e-01	2.46698204e-01	7.14757698e-01
1.27536594e-01	2.67953757e-01	7.47907025e-01
1.30435130e-01	2.87106357e-01	7.87290285e-01
1.33333667e-01	3.03421014e-01	8.15748214e-01
1.36232203e-01	3.23688020e-01	8.46889942e-01
1.39130739e-01	3.39776494e-01	8.74880297e-01
1.42029275e-01	3.47402554e-01	8.83691427e-01
1.44927812e-01	3.48830104e-01	8.78707301e-01
1.47826348e-01	3.53216946e-01	8.79140082e-01
1.50724884e-01	3.61156092e-01	8.85381565e-01
1.53623420e-01	3.70740507e-01	8.92409519e-01
1.56521957e-01	3.88825880e-01	9.14734477e-01
1.59420493e-01	4.04689700e-01	9.37320883e-01
1.62319029e-01	4.13618940e-01	9.45955393e-01
1.65217565e-01	4.17154811e-01	9.45625025e-01
1.68116101e-01	4.24384644e-01	9.56830437e-01
1.71014638e-01	4.38060030e-01	9.75504354e-01
1.73913174e-01	4.56726386e-01	9.98609313e-01
1.76811710e-01	4.86360010e-01	1.04271620e+00
1.79710246e-01	5.24021677e-01	1.11697207e+00
1.82608783e-01	5.69691166e-01	1.21331590e+00
1.85507319e-01	6.27583746e-01	1.33870062e+00
1.88405855e-01	6.87850743e-01	1.47419792e+00
1.91304391e-01	7.45571567e-01	1.60367852e+00
1.94202928e-01	7.99997891e-01	1.72179991e+00
1.97101464e-01	8.54009122e-01	1.82882220e+00
2.00000000e-01	8.82921289e-01	1.88626692e+00
