B_loc(T)	f(B_loc)
1.00000000e-06	1.21670160e+02
2.89953623e-03	1.21670160e+02
5.79807246e-03	1.26583811e+02
8.69660870e-03	1.23888448e+02
1.15951449e-02	1.16120305e+02
1.44936812e-02	1.01014041e+02
1.73922174e-02	8.00375481e+01
2.02907536e-02	5.77907990e+01
2.31892899e-02	3.90842297e+01
2.60878261e-02	2.34748521e+01
2.89863623e-02	1.22338294e+01
3.18848986e-02	4.92361497e+00
3.47834348e-02	1.07783246e+00
3.76819710e-02	9.43484291e-20
4.05805072e-02	1.21310706e-17
4.34790435e-02	2.97593482e-18
4.63775797e-02	2.13000081e-17
4.92761159e-02	4.83167590e-18
5.21746522e-02	1.05507359e-17
5.50731884e-02	6.68974896e-18
5.79717246e-02	4.64895698e-18
6.08702609e-02	4.19298426e-18
6.37687971e-02	1.89710112e-18
6.66673333e-02	4.43761590e-19
6.95658696e-02	5.81361333e-19
7.24644058e-02	1.05811317e-18
7.53629420e-02	1.74254090e-18
7.82614783e-02	1.91513682e-18
8.11600145e-02	1.88546698e-18
8.40585507e-02	1.68429100e-18
8.69570870e-02	8.76578714e-19
8.98556232e-02	6.15739050e-19
9.27541594e-02	5.93382872e-19
9.56526957e-02	7.67061203e-19
9.85512319e-02	1.64001360e-18
1.01449768e-01	1.99598372e-18
1.04348304e-01	2.19370426e-18
1.07246841e-01	2.42664160e-18
1.10145377e-01	2.40631596e-18
1.13043913e-01	2.27121160e-18
1.15942449e-01	2.35310894e-18
1.18840986e-01	2.07730607e-18
1.21739522e-01	1.95235728e-18
1.24638058e-01	1.70940816e-18
1.27536594e-01	1.52670715e-18
1.30435130e-01	1.24879202e-18
1.33333667e-01	8.35421464e-19
1.36232203e-01	5.01718006e-19
1.39130739e-01	7.22049459e-19
1.42029275e-01	6.66427147e-19
1.44927812e-01	7.36337518e-19
1.47826348e-01	7.38784616e-19
1.50724884e-01	7.25915340e-19
1.53623420e-01	8.65434834e-19
1.56521957e-01	2.94779340e-19
1.59420493e-01	1.13522060e-18
1.62319029e-01	1.41460460e-18
1.65217565e-01	1.92455303e-18
1.68116101e-01	2.09531242e-18
1.71014638e-01	3.66592995e-18
1.73913174e-01	6.21015668e-19
1.76811710e-01	1.15350807e-17
1.79710246e-01	1.51665571e-18
1.82608783e-01	6.89918179e-18
1.85507319e-01	2.88349924e-18
1.88405855e-01	4.24517176e-18
1.91304391e-01	1.59562270e-17
1.94202928e-01	1.11183414e-21
1.97101464e-01	8.74909728e-17
2.00000000e-01	1.91942737e-21
