B_loc(T)	f(B_loc)
1.00000000e-06	1.60272357e+02
2.89953623e-03	1.60272357e+02
5.79807246e-03	1.61463126e+02
8.69660870e-03	1.52555919e+02
1.15951449e-02	1.36916595e+02
1.44936812e-02	1.14564820e+02
1.73922174e-02	8.68433272e+01
2.02907536e-02	5.95207161e+01
2.31892899e-02	3.74041673e+01
2.60878261e-02	1.98423036e+01
2.89863623e-02	8.10077255e+00
3.18848986e-02	1.59665308e+00
3.47834348e-02	4.43710909e-24
3.76819710e-02	7.56880358e-23
4.05805072e-02	1.52158218e-22
4.34790435e-02	8.31802201e-23
4.63775797e-02	1.68772108e-22
4.92761159e-02	7.71057135e-23
5.21746522e-02	1.13551542e-22
5.50731884e-02	7.03535690e-23
5.79717246e-02	5.49635870e-23
6.08702609e-02	4.49222081e-23
6.37687971e-02	2.52064410e-23
6.66673333e-02	1.66675833e-23
6.95658696e-02	5.39934900e-24
7.24644058e-02	3.51157961e-24
7.53629420e-02	5.18857799e-24
7.82614783e-02	1.06171085e-23
8.11600145e-02	1.40559362e-23
8.40585507e-02	1.61192177e-23
8.69570870e-02	1.93841174e-23
8.98556232e-02	1.97429796e-23
9.27541594e-02	1.93116684e-23
9.56526957e-02	2.06729015e-23
9.85512319e-02	1.86285779e-23
1.01449768e-01	1.65396238e-23
1.04348304e-01	1.40672453e-23
1.07246841e-01	8.04884248e-24
1.10145377e-01	6.32121185e-24
1.13043913e-01	5.04377468e-24
1.15942449e-01	5.37018008e-24
1.18840986e-01	4.69026402e-24
1.21739522e-01	4.45243823e-24
1.24638058e-01	4.50891436e-24
1.27536594e-01	4.71364586e-24
1.30435130e-01	4.69089511e-24
1.33333667e-01	4.79985258e-24
1.36232203e-01	3.13942028e-24
1.39130739e-01	8.88572924e-24
1.42029275e-01	1.38808470e-23
1.44927812e-01	2.08858308e-23
1.47826348e-01	2.52791676e-23
1.50724884e-01	3.54433059e-23
1.53623420e-01	4.03407563e-23
1.56521957e-01	5.31239381e-23
1.59420493e-01	6.08156475e-23
1.62319029e-01	6.09634737e-23
1.65217565e-01	7.57686132e-23
1.68116101e-01	1.22431011e-22
1.71014638e-01	1.43733941e-22
1.73913174e-01	1.36844194e-26
1.76811710e-01	1.54666457e-21
1.79710246e-01	7.81035405e-23
1.82608783e-01	5.71646477e-25
1.85507319e-01	1.30173833e-21
1.88405855e-01	6.87187968e-23
1.91304391e-01	1.63807005e-22
1.94202928e-01	1.96700618e-28
1.97101464e-01	1.08680417e-20
2.00000000e-01	1.34969171e-30
