B_loc(T)	f(B_loc)
1.00000000e-06	1.74881423e+02
2.89953623e-03	1.74881423e+02
5.79807246e-03	1.98612062e+02
8.69660870e-03	1.91382825e+02
1.15951449e-02	1.63513272e+02
1.44936812e-02	1.24241074e+02
1.73922174e-02	7.58471298e+01
2.02907536e-02	3.63538343e+01
2.31892899e-02	1.17289335e+01
2.60878261e-02	1.12118279e-01
2.89863623e-02	1.78668280e-17
3.18848986e-02	5.86411407e-15
3.47834348e-02	6.35044400e-15
3.76819710e-02	4.47931563e-15
4.05805072e-02	2.41002449e-15
4.34790435e-02	1.99573920e-16
4.63775797e-02	5.97750040e-16
4.92761159e-02	1.09205925e-15
5.21746522e-02	1.12099803e-15
5.50731884e-02	7.82058692e-16
5.79717246e-02	3.38745496e-16
6.08702609e-02	1.42953892e-16
6.37687971e-02	2.36944392e-16
6.66673333e-02	3.88110914e-16
6.95658696e-02	4.98689795e-16
7.24644058e-02	4.87892678e-16
7.53629420e-02	4.18918771e-16
7.82614783e-02	2.88778413e-16
8.11600145e-02	1.64102429e-16
8.40585507e-02	1.02079327e-16
8.69570870e-02	9.05566810e-17
8.98556232e-02	1.07269615e-16
9.27541594e-02	1.71240087e-16
9.56526957e-02	1.23714689e-16
9.85512319e-02	1.28765791e-16
1.01449768e-01	1.15239900e-16
1.04348304e-01	7.85010950e-17
1.07246841e-01	2.21412597e-17
1.10145377e-01	2.08531859e-17
1.13043913e-01	1.84197972e-16
1.15942449e-01	3.62038120e-18
1.18840986e-01	9.49203603e-18
1.21739522e-01	1.55838893e-17
1.24638058e-01	7.20603613e-17
1.27536594e-01	4.25192913e-27
1.30435130e-01	2.59141967e-26
1.33333667e-01	2.98602668e-24
1.36232203e-01	4.15372561e-24
1.39130739e-01	4.77298057e-24
1.42029275e-01	5.22064618e-24
1.44927812e-01	5.60829768e-24
1.47826348e-01	5.96621816e-24
1.50724884e-01	6.30217917e-24
1.53623420e-01	6.61791012e-24
1.56521957e-01	6.91366398e-24
1.59420493e-01	7.18943202e-24
1.62319029e-01	7.44524776e-24
1.65217565e-01	7.68122238e-24
1.68116101e-01	7.89754380e-24
1.71014638e-01	8.09444252e-24
1.73913174e-01	8.27218156e-24
1.76811710e-01	8.43101818e-24
1.79710246e-01	8.57119131e-24
1.82608783e-01	8.69288158e-24
1.85507319e-01	8.79612891e-24
1.88405855e-01	8.88068624e-24
1.91304391e-01	8.94559704e-24
1.94202928e-01	8.98751587e-24
1.97101464e-01	8.99268546e-24
2.00000000e-01	9.14786818e-24
