B_loc(T)	f(B_loc)
1.00000000e-06	1.98066220e+02
2.89953623e-03	1.98066220e+02
5.79807246e-03	2.15875245e+02
8.69660870e-03	2.01529177e+02
1.15951449e-02	1.65745970e+02
1.44936812e-02	1.21008524e+02
1.73922174e-02	6.91079565e+01
2.02907536e-02	2.87519162e+01
2.31892899e-02	6.46968975e+00
2.60878261e-02	2.92755859e-21
2.89863623e-02	7.12473280e-21
3.18848986e-02	1.30486578e-20
3.47834348e-02	9.98722362e-21
3.76819710e-02	7.18478417e-21
4.05805072e-02	4.64583568e-21
4.34790435e-02	1.50141440e-21
4.63775797e-02	2.12054495e-22
4.92761159e-02	1.25408336e-21
5.21746522e-02	1.90242494e-21
5.50731884e-02	1.58462925e-21
5.79717246e-02	1.81451276e-21
6.08702609e-02	1.69777044e-21
6.37687971e-02	1.49356830e-21
6.66673333e-02	1.20140754e-21
6.95658696e-02	8.69594218e-22
7.24644058e-02	4.99430490e-22
7.53629420e-02	2.86733799e-22
7.82614783e-02	2.77689843e-22
8.11600145e-02	5.95784510e-22
8.40585507e-02	1.02751099e-21
8.69570870e-02	1.21333502e-21
8.98556232e-02	1.53845456e-21
9.27541594e-02	1.91193428e-21
9.56526957e-02	1.53959517e-21
9.85512319e-02	1.77785105e-21
1.01449768e-01	1.82491068e-21
1.04348304e-01	1.95050804e-21
1.07246841e-01	1.37278377e-21
1.10145377e-01	1.53994817e-21
1.13043913e-01	3.28896059e-21
1.15942449e-01	5.14825016e-22
1.18840986e-01	1.56334066e-21
1.21739522e-01	2.67488376e-24
1.24638058e-01	1.40720328e-19
1.27536594e-01	3.24369507e-24
1.30435130e-01	1.25129856e-26
1.33333667e-01	1.34794443e-22
1.36232203e-01	2.39975880e-22
1.39130739e-01	3.01957375e-22
1.42029275e-01	3.42520325e-22
1.44927812e-01	3.74629918e-22
1.47826348e-01	4.02410443e-22
1.50724884e-01	4.27291495e-22
1.53623420e-01	4.49927890e-22
1.56521957e-01	4.70718477e-22
1.59420493e-01	4.89804822e-22
1.62319029e-01	5.07411692e-22
1.65217565e-01	5.23558274e-22
1.68116101e-01	5.38319691e-22
1.71014638e-01	5.51753702e-22
1.73913174e-01	5.63875049e-22
1.76811710e-01	5.74845087e-22
1.79710246e-01	5.84370993e-22
1.82608783e-01	5.92776489e-22
1.85507319e-01	5.99960399e-22
1.88405855e-01	6.05986337e-22
1.91304391e-01	6.10792305e-22
1.94202928e-01	6.13874643e-22
1.97101464e-01	6.08806546e-22
2.00000000e-01	6.29786763e-22
