B_loc(T)	f(B_loc)
1.00000000e-06	2.12131502e+02
2.89953623e-03	2.12131502e+02
5.79807246e-03	2.27879641e+02
8.69660870e-03	2.08535484e+02
1.15951449e-02	1.65796014e+02
1.44936812e-02	1.16399841e+02
1.73922174e-02	6.16784673e+01
2.02907536e-02	2.14754982e+01
2.31892899e-02	1.77086894e+00
2.60878261e-02	4.49675182e-19
2.89863623e-02	4.20777493e-18
3.18848986e-02	5.93736171e-18
3.47834348e-02	4.59565356e-18
3.76819710e-02	3.18389221e-18
4.05805072e-02	2.35591957e-18
4.34790435e-02	4.61027124e-19
4.63775797e-02	5.27306845e-19
4.92761159e-02	1.73261153e-18
5.21746522e-02	2.16640060e-18
5.50731884e-02	2.13186457e-18
5.79717246e-02	2.30456975e-18
6.08702609e-02	1.82779691e-18
6.37687971e-02	1.20002889e-18
6.66673333e-02	2.18656594e-19
6.95658696e-02	2.31256835e-19
7.24644058e-02	6.47421832e-19
7.53629420e-02	8.45137101e-19
7.82614783e-02	8.99307725e-19
8.11600145e-02	8.17408288e-19
8.40585507e-02	6.03675222e-19
8.69570870e-02	2.50111817e-19
8.98556232e-02	1.73911147e-19
9.27541594e-02	3.18992141e-19
9.56526957e-02	8.54518428e-19
9.85512319e-02	9.11365019e-19
1.01449768e-01	7.63174527e-19
1.04348304e-01	2.11242735e-19
1.07246841e-01	9.88994686e-20
1.10145377e-01	5.53839051e-19
1.13043913e-01	2.17393917e-18
1.15942449e-01	1.93997625e-19
1.18840986e-01	8.24773465e-19
1.21739522e-01	1.79236266e-23
1.24638058e-01	1.12309118e-16
1.27536594e-01	6.92497127e-19
1.30435130e-01	2.76252177e-24
1.33333667e-01	9.49287150e-24
1.36232203e-01	1.54144699e-20
1.39130739e-01	2.92796071e-20
1.42029275e-01	3.79214861e-20
1.44927812e-01	4.37535271e-20
1.47826348e-01	4.81639596e-20
1.50724884e-01	5.17645096e-20
1.53623420e-01	5.48466483e-20
1.56521957e-01	5.75598896e-20
1.59420493e-01	5.99892900e-20
1.62319029e-01	6.21838939e-20
1.65217565e-01	6.41755751e-20
1.68116101e-01	6.59836902e-20
1.71014638e-01	6.76223123e-20
1.73913174e-01	6.90978087e-20
1.76811710e-01	7.04190132e-20
1.79710246e-01	7.15904011e-20
1.82608783e-01	7.26144378e-20
1.85507319e-01	7.34941509e-20
1.88405855e-01	7.42301187e-20
1.91304391e-01	7.48194735e-20
1.94202928e-01	7.52365067e-20
1.97101464e-01	7.52973077e-20
2.00000000e-01	7.66534509e-20
