B_loc(T)	f(B_loc)
1.00000000e-06	1.62502558e+02
2.89953623e-03	1.62502558e+02
5.79807246e-03	2.84216830e+02
8.69660870e-03	2.66854025e+02
1.15951449e-02	1.56771330e+02
1.44936812e-02	7.76414228e+01
1.73922174e-02	2.32715932e+01
2.02907536e-02	7.21999357e+00
2.31892899e-02	6.72985319e-22
2.60878261e-02	6.00497030e-28
2.89863623e-02	3.24031620e-27
3.18848986e-02	2.39781253e-25
3.47834348e-02	3.09639897e-25
3.76819710e-02	6.80772823e-24
4.05805072e-02	8.19987306e-24
4.34790435e-02	8.74762006e-21
4.63775797e-02	4.69989589e-01
4.92761159e-02	6.15359223e-01
5.21746522e-02	4.53557477e-01
5.50731884e-02	4.25219932e-12
5.79717246e-02	2.20522753e-24
6.08702609e-02	8.03327674e-23
6.37687971e-02	3.28877378e-23
6.66673333e-02	4.20914760e-25
6.95658696e-02	3.05414313e-25
7.24644058e-02	4.98292188e-25
7.53629420e-02	2.42579099e-26
7.82614783e-02	2.80298658e-26
8.11600145e-02	1.55654126e-26
8.40585507e-02	5.49403625e-27
8.69570870e-02	2.83271504e-31
8.98556232e-02	5.19895408e-31
9.27541594e-02	9.39363479e-31
9.56526957e-02	1.29454183e-44
9.85512319e-02	1.25665945e-50
1.01449768e-01	3.35488741e-50
1.04348304e-01	1.76411606e-50
1.07246841e-01	1.57729660e-50
1.10145377e-01	1.66269652e-50
1.13043913e-01	1.78804762e-50
1.15942449e-01	1.91525843e-50
1.18840986e-01	2.04196353e-50
1.21739522e-01	2.16127872e-50
1.24638058e-01	2.27883208e-50
1.27536594e-01	2.39462361e-50
1.30435130e-01	2.50679359e-50
1.33333667e-01	2.61700598e-50
1.36232203e-01	2.72346633e-50
1.39130739e-01	2.82330348e-50
1.42029275e-01	2.92865452e-50
1.44927812e-01	3.02216214e-50
1.47826348e-01	3.11560450e-50
1.50724884e-01	3.21097182e-50
1.53623420e-01	3.30069476e-50
1.56521957e-01	3.38673090e-50
1.59420493e-01	3.47397422e-50
1.62319029e-01	3.55231050e-50
1.65217565e-01	3.64242495e-50
1.68116101e-01	3.71508422e-50
1.71014638e-01	3.78725409e-50
1.73913174e-01	3.86128367e-50
1.76811710e-01	3.94043561e-50
1.79710246e-01	3.99805405e-50
1.82608783e-01	4.06794006e-50
1.85507319e-01	4.12816862e-50
1.88405855e-01	4.19048528e-50
1.91304391e-01	4.25293244e-50
1.94202928e-01	4.29704350e-50
1.97101464e-01	4.25495528e-50
2.00000000e-01	4.52027416e-50
