B_loc(T)	f(B_loc)
1.00000000e-06	1.68111958e+02
2.89953623e-03	1.68111958e+02
5.79807246e-03	2.92347019e+02
8.69660870e-03	2.70909912e+02
1.15951449e-02	1.52356096e+02
1.44936812e-02	6.92605216e+01
1.73922174e-02	1.45291529e+01
2.02907536e-02	2.33779924e+00
2.31892899e-02	7.11027918e-16
2.60878261e-02	2.13208267e-13
2.89863623e-02	1.33352351e-11
3.18848986e-02	3.78104530e-13
3.47834348e-02	4.55386077e-12
3.76819710e-02	2.68168484e-14
4.05805072e-02	1.44652058e-14
4.34790435e-02	2.42643139e-14
4.63775797e-02	4.45051152e-14
4.92761159e-02	3.54302141e-14
5.21746522e-02	4.91217424e-15
5.50731884e-02	5.03635900e-15
5.79717246e-02	3.99728828e-16
6.08702609e-02	1.31493389e-16
6.37687971e-02	9.85180295e-17
6.66673333e-02	1.88096552e-17
6.95658696e-02	2.83252641e-17
7.24644058e-02	2.85958025e-17
7.53629420e-02	5.20879732e-18
7.82614783e-02	3.20067950e-18
8.11600145e-02	1.30912346e-18
8.40585507e-02	5.91136577e-19
8.69570870e-02	1.60102598e-19
8.98556232e-02	1.40760356e-19
9.27541594e-02	5.25388192e-20
9.56526957e-02	5.73971851e-42
9.85512319e-02	5.85014740e-47
1.01449768e-01	6.68832641e-47
1.04348304e-01	1.10673841e-46
1.07246841e-01	1.18542460e-46
1.10145377e-01	1.68833201e-46
1.13043913e-01	1.89531091e-46
1.15942449e-01	2.11426380e-46
1.18840986e-01	2.66506715e-46
1.21739522e-01	2.75743790e-46
1.24638058e-01	2.59322323e-46
1.27536594e-01	3.16113228e-46
1.30435130e-01	3.15429000e-46
1.33333667e-01	3.56824780e-46
1.36232203e-01	3.78377954e-46
1.39130739e-01	3.52377299e-46
1.42029275e-01	4.50906098e-46
1.44927812e-01	4.13273571e-46
1.47826348e-01	3.96167876e-46
1.50724884e-01	4.52274553e-46
1.53623420e-01	4.73485614e-46
1.56521957e-01	4.50906098e-46
1.59420493e-01	5.05644319e-46
1.62319029e-01	4.37905770e-46
1.65217565e-01	6.36331822e-46
1.68116101e-01	5.56961401e-46
1.71014638e-01	5.19328874e-46
1.73913174e-01	5.54908718e-46
1.76811710e-01	7.46492492e-46
1.79710246e-01	5.53540263e-46
1.82608783e-01	6.21963039e-46
1.85507319e-01	5.22065785e-46
1.88405855e-01	5.89120106e-46
1.91304391e-01	6.38384505e-46
1.94202928e-01	6.75332805e-46
1.97101464e-01	4.22168531e-46
2.00000000e-01	7.10228421e-46
