B_loc(T)	f(B_loc)
1.00000000e-06	1.65160687e+02
2.89953623e-03	1.65160687e+02
5.79807246e-03	3.08745948e+02
8.69660870e-03	2.79481401e+02
1.15951449e-02	1.34981328e+02
1.44936812e-02	4.54892082e+01
1.73922174e-02	3.72031249e-18
2.02907536e-02	6.23025125e-24
2.31892899e-02	7.71595566e-15
2.60878261e-02	1.24266726e+00
2.89863623e-02	1.21625909e+00
3.18848986e-02	4.58037502e-02
3.47834348e-02	9.58281265e-10
3.76819710e-02	7.09705713e-12
4.05805072e-02	2.88047405e-12
4.34790435e-02	1.72648565e-12
4.63775797e-02	3.61131076e-13
4.92761159e-02	1.10292886e-13
5.21746522e-02	5.06386738e-13
5.50731884e-02	7.80658113e-12
5.79717246e-02	3.83881549e-14
6.08702609e-02	4.62784140e-14
6.37687971e-02	5.35573176e-14
6.66673333e-02	5.81503124e-16
6.95658696e-02	1.66848266e-15
7.24644058e-02	2.00184657e-15
7.53629420e-02	1.04622727e-16
7.82614783e-02	7.93327538e-17
8.11600145e-02	4.84939749e-17
8.40585507e-02	2.26412365e-17
8.69570870e-02	3.15192729e-19
8.98556232e-02	2.99418291e-19
9.27541594e-02	1.00921350e-18
9.56526957e-02	3.52399025e-29
9.85512319e-02	6.35651002e-33
1.01449768e-01	8.21322346e-33
1.04348304e-01	8.18695481e-33
1.07246841e-01	9.63204989e-33
1.10145377e-01	1.11718031e-32
1.13043913e-01	1.26722068e-32
1.15942449e-01	1.41236889e-32
1.18840986e-01	1.55274870e-32
1.21739522e-01	1.68851853e-32
1.24638058e-01	1.81981011e-32
1.27536594e-01	1.94673559e-32
1.30435130e-01	2.06939692e-32
1.33333667e-01	2.18788548e-32
1.36232203e-01	2.30228711e-32
1.39130739e-01	2.41267954e-32
1.42029275e-01	2.51913483e-32
1.44927812e-01	2.62171856e-32
1.47826348e-01	2.72049082e-32
1.50724884e-01	2.81550572e-32
1.53623420e-01	2.90681267e-32
1.56521957e-01	2.99445509e-32
1.59420493e-01	3.07847245e-32
1.62319029e-01	3.15889871e-32
1.65217565e-01	3.23576414e-32
1.68116101e-01	3.30909752e-32
1.71014638e-01	3.37892825e-32
1.73913174e-01	3.44530444e-32
1.76811710e-01	3.50832729e-32
1.79710246e-01	3.56825485e-32
1.82608783e-01	3.62572794e-32
1.85507319e-01	3.68220231e-32
1.88405855e-01	3.73998454e-32
1.91304391e-01	3.79620050e-32
1.94202928e-01	3.78514796e-32
1.97101464e-01	2.99619718e-32
2.00000000e-01	4.82778658e-32
