B_loc(T)	f(B_loc)
1.00000000e-06	1.67241778e+02
2.89953623e-03	1.67241778e+02
5.79807246e-03	3.12078005e+02
8.69660870e-03	2.74970848e+02
1.15951449e-02	1.16565649e+02
1.44936812e-02	2.96779453e+01
1.73922174e-02	7.32214255e-23
2.02907536e-02	5.80214208e-21
2.31892899e-02	1.38910883e-22
2.60878261e-02	8.00436054e-19
2.89863623e-02	7.87682738e-19
3.18848986e-02	2.99898176e-19
3.47834348e-02	1.11995538e-17
3.76819710e-02	7.11399480e-18
4.05805072e-02	2.05729597e-18
4.34790435e-02	9.34357391e-18
4.63775797e-02	7.13609302e-17
4.92761159e-02	5.24853560e-17
5.21746522e-02	2.93487187e-18
5.50731884e-02	1.37573476e-17
5.79717246e-02	7.18529961e-19
6.08702609e-02	1.35670994e-19
6.37687971e-02	1.37857187e-19
6.66673333e-02	3.15945981e-20
6.95658696e-02	5.10200882e-20
7.24644058e-02	5.57508295e-20
7.53629420e-02	8.95312184e-21
7.82614783e-02	6.38922302e-21
8.11600145e-02	2.93616180e-21
8.40585507e-02	1.04064259e-21
8.69570870e-02	6.99809540e-22
8.98556232e-02	8.44428772e-22
9.27541594e-02	5.54892839e-22
9.56526957e-02	4.94065646e-324
9.85512319e-02	1.20326614e-51
1.01449768e-01	8.48289581e-52
1.04348304e-01	1.03099811e-51
1.07246841e-01	1.71223989e-51
1.10145377e-01	1.71746014e-51
1.13043913e-01	2.36477034e-51
1.15942449e-01	2.70408617e-51
1.18840986e-01	3.15302712e-51
1.21739522e-01	2.53703838e-51
1.24638058e-01	1.23197748e-51
1.27536594e-01	3.05906273e-51
1.30435130e-01	4.48940947e-51
1.33333667e-01	4.32236168e-51
1.36232203e-01	2.98597932e-51
1.39130739e-01	4.14487340e-51
1.42029275e-01	4.20751632e-51
1.44927812e-01	4.24927827e-51
1.47826348e-01	5.02187432e-51
1.50724884e-01	4.47896899e-51
1.53623420e-01	4.45808801e-51
1.56521957e-01	4.41632606e-51
1.59420493e-01	4.56249288e-51
1.62319029e-01	4.96967188e-51
1.65217565e-01	6.70279275e-51
1.68116101e-01	4.78174311e-51
1.71014638e-01	3.59152758e-51
1.73913174e-01	5.13671968e-51
1.76811710e-01	2.86069348e-51
1.79710246e-01	7.35010295e-51
1.82608783e-01	1.21109651e-51
1.85507319e-01	5.67962501e-51
1.88405855e-01	5.76314891e-51
1.91304391e-01	5.11583870e-51
1.94202928e-01	6.68191178e-51
1.97101464e-01	5.11583870e-51
2.00000000e-01	3.75857537e-51
