B_loc(T)	f(B_loc)
1.00000000e-06	1.56287523e+02
2.89953623e-03	1.56287523e+02
5.79807246e-03	3.14675893e+02
8.69660870e-03	2.67557490e+02
1.15951449e-02	8.34317657e+01
1.44936812e-02	1.02941412e+00
1.73922174e-02	1.68504425e-22
2.02907536e-02	1.28163493e-20
2.31892899e-02	3.52175765e-20
2.60878261e-02	5.98050652e-19
2.89863623e-02	2.48536600e-19
3.18848986e-02	4.26254416e-19
3.47834348e-02	1.35174475e-18
3.76819710e-02	6.20021293e-19
4.05805072e-02	6.94448659e-20
4.34790435e-02	3.75009077e-19
4.63775797e-02	9.10901341e-18
4.92761159e-02	6.80807715e-18
5.21746522e-02	6.39858584e-19
5.50731884e-02	7.26063821e-18
5.79717246e-02	2.79026229e-18
6.08702609e-02	4.97021687e-18
6.37687971e-02	6.41743325e-18
6.66673333e-02	1.74617937e-19
6.95658696e-02	9.08134530e-19
7.24644058e-02	1.14150837e-18
7.53629420e-02	5.89262608e-19
7.82614783e-02	2.12425235e-19
8.11600145e-02	2.04916070e-19
8.40585507e-02	7.41080494e-19
8.69570870e-02	1.59707431e-19
8.98556232e-02	1.85037692e-19
9.27541594e-02	1.42902863e-19
9.56526957e-02	4.51389831e-36
9.85512319e-02	2.71272254e-47
1.01449768e-01	1.16103188e-44
1.04348304e-01	1.32083328e-44
1.07246841e-01	1.84594388e-44
1.10145377e-01	2.31344250e-44
1.13043913e-01	2.76274066e-44
1.15942449e-01	3.18655134e-44
1.18840986e-01	3.60560663e-44
1.21739522e-01	4.00033763e-44
1.24638058e-01	4.37851032e-44
1.27536594e-01	4.74423006e-44
1.30435130e-01	5.10741816e-44
1.33333667e-01	5.43591591e-44
1.36232203e-01	5.74977118e-44
1.39130739e-01	6.07457410e-44
1.42029275e-01	6.37775543e-44
1.44927812e-01	6.64693063e-44
1.47826348e-01	6.90796352e-44
1.50724884e-01	7.18220201e-44
1.53623420e-01	7.41141831e-44
1.56521957e-01	7.63776086e-44
1.59420493e-01	7.87094568e-44
1.62319029e-01	8.07169811e-44
1.65217565e-01	8.26834517e-44
1.68116101e-01	8.47156081e-44
1.71014638e-01	8.63632286e-44
1.73913174e-01	8.78726350e-44
1.76811710e-01	8.93519355e-44
1.79710246e-01	9.07628131e-44
1.82608783e-01	9.18137870e-44
1.85507319e-01	9.31822425e-44
1.88405855e-01	9.41497406e-44
1.91304391e-01	9.49735508e-44
1.94202928e-01	9.59068375e-44
1.97101464e-01	9.62667413e-44
2.00000000e-01	9.80265751e-44
