B_loc(T)	f(B_loc)
1.00000000e-06	1.39781104e+02
2.89953623e-03	1.39781104e+02
5.79807246e-03	3.00570512e+02
8.69660870e-03	2.42546519e+02
1.15951449e-02	3.86439102e+01
1.44936812e-02	3.67363932e-20
1.73922174e-02	2.06507801e-18
2.02907536e-02	4.70055661e-17
2.31892899e-02	3.65301678e-16
2.60878261e-02	1.33652742e-15
2.89863623e-02	3.52305161e-17
3.18848986e-02	1.54484921e-15
3.47834348e-02	2.67206002e-15
3.76819710e-02	6.30964931e-16
4.05805072e-02	2.70273565e-16
4.34790435e-02	6.71915580e-16
4.63775797e-02	1.80827089e-15
4.92761159e-02	4.64210323e-16
5.21746522e-02	1.65740613e-15
5.50731884e-02	2.06071408e-14
5.79717246e-02	2.15756633e-15
6.08702609e-02	2.73983566e-14
6.37687971e-02	3.10029305e-14
6.66673333e-02	3.59178099e-15
6.95658696e-02	7.01239432e-16
7.24644058e-02	1.19746663e-15
7.53629420e-02	1.01511134e-16
7.82614783e-02	1.03289285e-16
8.11600145e-02	1.03172240e-16
8.40585507e-02	1.65242214e-16
8.69570870e-02	3.67911113e-18
8.98556232e-02	6.57899804e-18
9.27541594e-02	1.12843018e-17
9.56526957e-02	7.28806498e-37
9.85512319e-02	1.06297523e-47
1.01449768e-01	5.66821230e-46
1.04348304e-01	6.38972514e-46
1.07246841e-01	7.31904543e-46
1.10145377e-01	8.29455109e-46
1.13043913e-01	9.26273338e-46
1.15942449e-01	1.02202781e-45
1.18840986e-01	1.11610378e-45
1.21739522e-01	1.20925497e-45
1.24638058e-01	1.30114997e-45
1.27536594e-01	1.39127025e-45
1.30435130e-01	1.48060474e-45
1.33333667e-01	1.56911601e-45
1.36232203e-01	1.65530733e-45
1.39130739e-01	1.74150934e-45
1.42029275e-01	1.82553037e-45
1.44927812e-01	1.90856782e-45
1.47826348e-01	1.99131662e-45
1.50724884e-01	2.07241899e-45
1.53623420e-01	2.15284783e-45
1.56521957e-01	2.23341565e-45
1.59420493e-01	2.31029505e-45
1.62319029e-01	2.38881019e-45
1.65217565e-01	2.46332687e-45
1.68116101e-01	2.53685997e-45
1.71014638e-01	2.61277718e-45
1.73913174e-01	2.68652410e-45
1.76811710e-01	2.75688196e-45
1.79710246e-01	2.82752848e-45
1.82608783e-01	2.89682792e-45
1.85507319e-01	2.96625566e-45
1.88405855e-01	3.03206982e-45
1.91304391e-01	3.09912414e-45
1.94202928e-01	3.16085431e-45
1.97101464e-01	3.21956961e-45
2.00000000e-01	3.29327377e-45
