B_loc(T)	f(B_loc)
1.00000000e-06	1.18135264e+02
2.89953623e-03	1.18135264e+02
5.79807246e-03	2.58294368e+02
8.69660870e-03	1.99871503e+02
1.15951449e-02	9.05796685e+00
1.44936812e-02	1.28652120e-31
1.73922174e-02	8.15361701e-30
2.02907536e-02	7.46262416e-28
2.31892899e-02	2.27507485e-27
2.60878261e-02	4.48072994e-27
2.89863623e-02	3.15702134e-27
3.18848986e-02	1.25018676e-26
3.47834348e-02	9.34642401e-27
3.76819710e-02	2.07864849e-27
4.05805072e-02	2.80708265e-26
4.34790435e-02	3.42933613e-26
4.63775797e-02	4.93195838e-27
4.92761159e-02	9.43477643e-28
5.21746522e-02	3.88277338e-27
5.50731884e-02	3.10653424e-27
5.79717246e-02	1.63925296e-27
6.08702609e-02	1.35486860e-28
6.37687971e-02	1.01289740e-27
6.66673333e-02	1.30793138e-27
6.95658696e-02	9.87653853e-28
7.24644058e-02	2.12006368e-28
7.53629420e-02	1.17638882e-28
7.82614783e-02	1.91298770e-28
8.11600145e-02	1.66745474e-28
8.40585507e-02	8.66760920e-29
8.69570870e-02	9.20995107e-29
8.98556232e-02	2.26205865e-28
9.27541594e-02	2.37052702e-28
9.56526957e-02	1.27868485e-44
9.85512319e-02	4.65876293e-65
1.01449768e-01	5.91618381e-66
1.04348304e-01	1.93791532e-68
1.07246841e-01	5.27068821e-72
1.10145377e-01	1.08305922e-68
1.13043913e-01	1.75453782e-71
1.15942449e-01	2.23131933e-68
1.18840986e-01	1.69341199e-69
1.21739522e-01	1.16999374e-68
1.24638058e-01	2.99969369e-71
1.27536594e-01	1.87633671e-68
1.30435130e-01	1.35110732e-68
1.33333667e-01	8.30858555e-70
1.36232203e-01	6.99098425e-69
1.39130739e-01	2.24977027e-71
1.42029275e-01	1.78215764e-68
1.44927812e-01	1.68073404e-68
1.47826348e-01	3.26004447e-68
1.50724884e-01	2.32549839e-68
1.53623420e-01	7.06342968e-69
1.56521957e-01	1.58474384e-69
1.59420493e-01	1.67530063e-69
1.62319029e-01	1.39726298e-71
1.65217565e-01	1.63002223e-69
1.68116101e-01	1.18086055e-68
1.71014638e-01	2.85435005e-68
1.73913174e-01	4.86833307e-68
1.76811710e-01	5.86808004e-68
1.79710246e-01	3.37595716e-68
1.82608783e-01	4.72344221e-68
1.85507319e-01	2.37621019e-68
1.88405855e-01	1.63002223e-68
1.91304391e-01	6.56536733e-70
1.94202928e-01	4.94065646e-324
1.97101464e-01	2.57905740e-68
2.00000000e-01	5.28851658e-69
