B_loc(T)	f(B_loc)
1.00000000e-06	2.73551276e+01
2.89953623e-03	2.73551276e+01
5.79807246e-03	2.51219500e+01
8.69660870e-03	2.11735771e+01
1.15951449e-02	1.60817168e+01
1.44936812e-02	1.15824529e+01
1.73922174e-02	7.55722949e+00
2.02907536e-02	4.69888015e+00
2.31892899e-02	2.87018519e+00
2.60878261e-02	1.94231862e+00
2.89863623e-02	1.55045019e+00
3.18848986e-02	1.64089096e+00
3.47834348e-02	1.95094237e+00
3.76819710e-02	2.35242582e+00
4.05805072e-02	2.83616352e+00
4.34790435e-02	3.36852719e+00
4.63775797e-02	3.94624388e+00
4.92761159e-02	4.53988549e+00
5.21746522e-02	5.14848977e+00
5.50731884e-02	5.72526035e+00
5.79717246e-02	6.25340036e+00
6.08702609e-02	6.73662234e+00
6.37687971e-02	7.20679152e+00
6.66673333e-02	7.66448263e+00
6.95658696e-02	8.13466983e+00
7.24644058e-02	8.61680494e+00
7.53629420e-02	9.11187584e+00
7.82614783e-02	9.60794511e+00
8.11600145e-02	1.01049521e+01
8.40585507e-02	1.06028395e+01
8.69570870e-02	1.11015532e+01
8.98556232e-02	1.15789638e+01
9.27541594e-02	1.20357436e+01
9.56526957e-02	1.24725226e+01
9.85512319e-02	1.28711922e+01
1.01449768e-01	1.32328619e+01
1.04348304e-01	1.35585777e+01
1.07246841e-01	1.38493272e+01
1.10145377e-01	1.41430061e+01
1.13043913e-01	1.44395020e+01
1.15942449e-01	1.47387070e+01
1.18840986e-01	1.50107579e+01
1.21739522e-01	1.52562958e+01
1.24638058e-01	1.54759309e+01
1.27536594e-01	1.56702445e+01
1.30435130e-01	1.57944993e+01
1.33333667e-01	1.58502635e+01
1.36232203e-01	1.58390375e+01
1.39130739e-01	1.57503847e+01
1.42029275e-01	1.55859360e+01
1.44927812e-01	1.53472559e+01
1.47826348e-01	1.50282911e+01
1.50724884e-01	1.46649327e+01
1.53623420e-01	1.42580228e+01
1.56521957e-01	1.38083710e+01
1.59420493e-01	1.33322962e+01
1.62319029e-01	1.28302447e+01
1.65217565e-01	1.23026463e+01
1.68116101e-01	1.17378163e+01
1.71014638e-01	1.11903677e+01
1.73913174e-01	1.06599162e+01
1.76811710e-01	1.01460891e+01
1.79710246e-01	9.67118478e+00
1.82608783e-01	9.23444845e+00
1.85507319e-01	8.83514739e+00
1.88405855e-01	8.50857537e+00
1.91304391e-01	8.25344157e+00
1.94202928e-01	8.06849162e+00
1.97101464e-01	7.95250603e+00
2.00000000e-01	7.89502145e+00
