B_loc(T)	f(B_loc)
1.00000000e-06	2.70130299e+01
2.89953623e-03	2.70130299e+01
5.79807246e-03	2.47530800e+01
8.69660870e-03	2.06420819e+01
1.15951449e-02	1.52970263e+01
1.44936812e-02	1.06568604e+01
1.73922174e-02	6.58056445e+00
2.02907536e-02	3.72872357e+00
2.31892899e-02	1.87917146e+00
2.60878261e-02	9.06505470e-01
2.89863623e-02	4.69805746e-01
3.18848986e-02	5.15386526e-01
3.47834348e-02	8.09706125e-01
3.76819710e-02	1.21240659e+00
4.05805072e-02	1.69157717e+00
4.34790435e-02	2.19091048e+00
4.63775797e-02	2.70903740e+00
4.92761159e-02	3.21596088e+00
5.21746522e-02	3.71232115e+00
5.50731884e-02	4.18880930e+00
5.79717246e-02	4.61187035e+00
6.08702609e-02	5.01409888e+00
6.37687971e-02	5.40254127e+00
6.66673333e-02	5.77780231e+00
6.95658696e-02	6.12620348e+00
7.24644058e-02	6.44884484e+00
7.53629420e-02	6.73215827e+00
7.82614783e-02	7.00016234e+00
8.11600145e-02	7.25339667e+00
8.40585507e-02	7.49236133e+00
8.69570870e-02	7.71752093e+00
8.98556232e-02	7.91874610e+00
9.27541594e-02	8.09678666e+00
9.56526957e-02	8.25234487e+00
9.85512319e-02	8.42121666e+00
1.01449768e-01	8.60296846e+00
1.04348304e-01	8.79719026e+00
1.07246841e-01	9.00349362e+00
1.10145377e-01	9.19808474e+00
1.13043913e-01	9.38124086e+00
1.15942449e-01	9.55322425e+00
1.18840986e-01	9.70786722e+00
1.21739522e-01	9.84556229e+00
1.24638058e-01	9.96668252e+00
1.27536594e-01	1.00715829e+01
1.30435130e-01	1.01324868e+01
1.33333667e-01	1.01503591e+01
1.36232203e-01	1.01261225e+01
1.39130739e-01	1.00569643e+01
1.42029275e-01	9.94380850e+00
1.44927812e-01	9.78754102e+00
1.47826348e-01	9.57680633e+00
1.50724884e-01	9.30938309e+00
1.53623420e-01	8.98636083e+00
1.56521957e-01	8.60878796e+00
1.59420493e-01	8.21840425e+00
1.62319029e-01	7.81539815e+00
1.65217565e-01	7.39995059e+00
1.68116101e-01	6.96854077e+00
1.71014638e-01	6.57835051e+00
1.73913174e-01	6.22857159e+00
1.76811710e-01	5.91842084e+00
1.79710246e-01	5.63836919e+00
1.82608783e-01	5.38782244e+00
1.85507319e-01	5.16620357e+00
1.88405855e-01	4.99089304e+00
1.91304391e-01	4.86104718e+00
1.94202928e-01	4.77584586e+00
1.97101464e-01	4.73449147e+00
2.00000000e-01	4.71401856e+00
