B_loc(T)	f(B_loc)
1.00000000e-06	1.76234964e+01
2.89953623e-03	1.76234964e+01
5.79807246e-03	1.65768910e+01
8.69660870e-03	1.43469958e+01
1.15951449e-02	1.13282248e+01
1.44936812e-02	8.40357309e+00
1.73922174e-02	5.55420661e+00
2.02907536e-02	3.31282832e+00
2.31892899e-02	1.73302785e+00
2.60878261e-02	7.32032880e-01
2.89863623e-02	1.68977622e-01
3.18848986e-02	1.26629543e-12
3.47834348e-02	7.43821777e-02
3.76819710e-02	2.78955053e-01
4.05805072e-02	5.87315782e-01
4.34790435e-02	9.07860956e-01
4.63775797e-02	1.23976361e+00
4.92761159e-02	1.54358815e+00
5.21746522e-02	1.82098047e+00
5.50731884e-02	2.06174997e+00
5.79717246e-02	2.27769743e+00
6.08702609e-02	2.47828632e+00
6.37687971e-02	2.67046101e+00
6.66673333e-02	2.85459329e+00
6.95658696e-02	3.02944990e+00
7.24644058e-02	3.19540599e+00
7.53629420e-02	3.34344901e+00
7.82614783e-02	3.48290200e+00
8.11600145e-02	3.61406937e+00
8.40585507e-02	3.73723326e+00
8.69570870e-02	3.85265591e+00
8.98556232e-02	3.93476559e+00
9.27541594e-02	3.98463520e+00
9.56526957e-02	4.00327052e+00
9.85512319e-02	4.00184020e+00
1.01449768e-01	3.98092943e+00
1.04348304e-01	3.94108981e+00
1.07246841e-01	3.88284216e+00
1.10145377e-01	3.83479535e+00
1.13043913e-01	3.79665643e+00
1.15942449e-01	3.76814686e+00
1.18840986e-01	3.74443147e+00
1.21739522e-01	3.72537024e+00
1.24638058e-01	3.71082925e+00
1.27536594e-01	3.70068029e+00
1.30435130e-01	3.65369636e+00
1.33333667e-01	3.57070107e+00
1.36232203e-01	3.45248231e+00
1.39130739e-01	3.33206954e+00
1.42029275e-01	3.20948709e+00
1.44927812e-01	3.08475786e+00
1.47826348e-01	2.96111840e+00
1.50724884e-01	2.83345796e+00
1.53623420e-01	2.70183545e+00
1.56521957e-01	2.56630724e+00
1.59420493e-01	2.43255795e+00
1.62319029e-01	2.30053309e+00
1.65217565e-01	2.17017972e+00
1.68116101e-01	2.04345706e+00
1.71014638e-01	1.90766354e+00
1.73913174e-01	1.76294430e+00
1.76811710e-01	1.60943948e+00
1.79710246e-01	1.47068925e+00
1.82608783e-01	1.34641688e+00
1.85507319e-01	1.23635382e+00
1.88405855e-01	1.14766806e+00
1.91304391e-01	1.07998370e+00
1.94202928e-01	1.03293551e+00
1.97101464e-01	1.00616846e+00
2.00000000e-01	9.92902090e-01
