B_loc(T)	f(B_loc)
1.00000000e-06	1.74655796e+01
2.89953623e-03	1.74655796e+01
5.79807246e-03	1.61340988e+01
8.69660870e-03	1.36129119e+01
1.15951449e-02	1.02985711e+01
1.44936812e-02	7.30516015e+00
1.73922174e-02	4.56847205e+00
2.02907536e-02	2.67194120e+00
2.31892899e-02	1.44909999e+00
2.60878261e-02	8.15659971e-01
2.89863623e-02	5.05043905e-01
3.18848986e-02	4.84915739e-01
3.47834348e-02	5.97844106e-01
3.76819710e-02	7.34048369e-01
4.05805072e-02	9.34466819e-01
4.34790435e-02	1.13907876e+00
4.63775797e-02	1.34758945e+00
4.92761159e-02	1.54631684e+00
5.21746522e-02	1.73582309e+00
5.50731884e-02	1.94794534e+00
5.79717246e-02	2.17026251e+00
6.08702609e-02	2.42030538e+00
6.37687971e-02	2.68401833e+00
6.66673333e-02	2.96075775e+00
6.95658696e-02	3.22423005e+00
7.24644058e-02	3.47497461e+00
7.53629420e-02	3.70368934e+00
7.82614783e-02	3.89969225e+00
8.11600145e-02	4.06418880e+00
8.40585507e-02	4.19829810e+00
8.69570870e-02	4.30306187e+00
8.98556232e-02	4.37353505e+00
9.27541594e-02	4.41082118e+00
9.56526957e-02	4.41595473e+00
9.85512319e-02	4.39190879e+00
1.01449768e-01	4.33953784e+00
1.04348304e-01	4.25964740e+00
1.07246841e-01	4.15299815e+00
1.10145377e-01	4.02813786e+00
1.13043913e-01	3.88553562e+00
1.15942449e-01	3.72563620e+00
1.18840986e-01	3.55216998e+00
1.21739522e-01	3.36545534e+00
1.24638058e-01	3.16579518e+00
1.27536594e-01	2.95347805e+00
1.30435130e-01	2.75318797e+00
1.33333667e-01	2.56462237e+00
1.36232203e-01	2.38749107e+00
1.39130739e-01	2.21187088e+00
1.42029275e-01	2.03769864e+00
1.44927812e-01	1.86491312e+00
1.47826348e-01	1.68960109e+00
1.50724884e-01	1.51160393e+00
1.53623420e-01	1.33094432e+00
1.56521957e-01	1.14764350e+00
1.59420493e-01	9.73765294e-01
1.62319029e-01	8.09098583e-01
1.65217565e-01	6.53439065e-01
1.68116101e-01	5.06257808e-01
1.71014638e-01	3.75367947e-01
1.73913174e-01	2.60444249e-01
1.76811710e-01	1.61171494e-01
1.79710246e-01	8.68476797e-02
1.82608783e-01	3.70094357e-02
1.85507319e-01	1.12071273e-02
1.88405855e-01	3.76035628e-11
1.91304391e-01	1.12543780e-15
1.94202928e-01	1.14198307e-20
1.97101464e-01	9.98230366e-23
2.00000000e-01	3.45836735e-22
