B_loc(T)	f(B_loc)
1.00000000e-06	1.75317645e+01
2.89953623e-03	1.75317645e+01
5.79807246e-03	1.59357218e+01
8.69660870e-03	1.31449761e+01
1.15951449e-02	9.55774497e+00
1.44936812e-02	6.54448036e+00
1.73922174e-02	3.99035628e+00
2.02907536e-02	2.37441959e+00
2.31892899e-02	1.43079723e+00
2.60878261e-02	1.07537229e+00
2.89863623e-02	1.00966501e+00
3.18848986e-02	1.20465378e+00
3.47834348e-02	1.54271975e+00
3.76819710e-02	1.96891425e+00
4.05805072e-02	2.43820042e+00
4.34790435e-02	2.88357983e+00
4.63775797e-02	3.30663893e+00
4.92761159e-02	3.70420222e+00
5.21746522e-02	4.07776145e+00
5.50731884e-02	4.42274937e+00
5.79717246e-02	4.70810569e+00
6.08702609e-02	4.95351962e+00
6.37687971e-02	5.17081113e+00
6.66673333e-02	5.36124956e+00
6.95658696e-02	5.52909657e+00
7.24644058e-02	5.67528319e+00
7.53629420e-02	5.78549739e+00
7.82614783e-02	5.85795832e+00
8.11600145e-02	5.89405845e+00
8.40585507e-02	5.89509057e+00
8.69570870e-02	5.86225813e+00
8.98556232e-02	5.74931060e+00
9.27541594e-02	5.55884902e+00
9.56526957e-02	5.29331236e+00
9.85512319e-02	5.03779534e+00
1.01449768e-01	4.79197326e+00
1.04348304e-01	4.55553913e+00
1.07246841e-01	4.32820217e+00
1.10145377e-01	4.08239229e+00
1.13043913e-01	3.81858111e+00
1.15942449e-01	3.53721562e+00
1.18840986e-01	3.25583768e+00
1.21739522e-01	2.97442062e+00
1.24638058e-01	2.69293843e+00
1.27536594e-01	2.41136564e+00
1.30435130e-01	2.14869061e+00
1.33333667e-01	1.90445112e+00
1.36232203e-01	1.67820410e+00
1.39130739e-01	1.46848329e+00
1.42029275e-01	1.27490120e+00
1.44927812e-01	1.09708526e+00
1.47826348e-01	9.17991385e-01
1.50724884e-01	7.49813161e-01
1.53623420e-01	5.92296122e-01
1.56521957e-01	4.45194552e-01
1.59420493e-01	3.20074534e-01
1.62319029e-01	2.16482301e-01
1.65217565e-01	1.33979316e-01
1.68116101e-01	7.14767221e-02
1.71014638e-01	2.85678017e-02
1.73913174e-01	4.86682058e-03
1.76811710e-01	1.96960631e-12
1.79710246e-01	2.87937114e-18
1.82608783e-01	2.26200229e-11
1.85507319e-01	1.04035361e-14
1.88405855e-01	1.29726168e-13
1.91304391e-01	1.17735253e-13
1.94202928e-01	3.86836003e-17
1.97101464e-01	5.86811700e-11
2.00000000e-01	4.60373197e-16
