B_loc(T)	f(B_loc)
1.00000000e-06	1.78098727e+01
2.89953623e-03	1.78098727e+01
5.79807246e-03	1.59687598e+01
8.69660870e-03	1.29683841e+01
1.15951449e-02	9.19514997e+00
1.44936812e-02	6.22602249e+00
1.73922174e-02	3.90013665e+00
2.02907536e-02	2.60184336e+00
2.31892899e-02	1.98918848e+00
2.60878261e-02	1.97638710e+00
2.89863623e-02	2.21431788e+00
3.18848986e-02	2.67786163e+00
3.47834348e-02	3.15789325e+00
3.76819710e-02	3.63089893e+00
4.05805072e-02	4.07179717e+00
4.34790435e-02	4.49596149e+00
4.63775797e-02	4.90449807e+00
4.92761159e-02	5.29968795e+00
5.21746522e-02	5.68230597e+00
5.50731884e-02	6.02652550e+00
5.79717246e-02	6.26324261e+00
6.08702609e-02	6.43305853e+00
6.37687971e-02	6.52824252e+00
6.66673333e-02	6.55219059e+00
6.95658696e-02	6.50081667e+00
7.24644058e-02	6.37726352e+00
7.53629420e-02	6.20165324e+00
7.82614783e-02	6.01173502e+00
8.11600145e-02	5.80801642e+00
8.40585507e-02	5.59096797e+00
8.69570870e-02	5.36102693e+00
8.98556232e-02	5.09650633e+00
9.27541594e-02	4.79850569e+00
9.56526957e-02	4.46805535e+00
9.85512319e-02	4.13423041e+00
1.01449768e-01	3.79709400e+00
1.04348304e-01	3.45670460e+00
1.07246841e-01	3.11311640e+00
1.10145377e-01	2.79670692e+00
1.13043913e-01	2.50670289e+00
1.15942449e-01	2.24236919e+00
1.18840986e-01	1.99136885e+00
1.21739522e-01	1.75332287e+00
1.24638058e-01	1.52786899e+00
1.27536594e-01	1.31466056e+00
1.30435130e-01	1.10918888e+00
1.33333667e-01	9.11230558e-01
1.36232203e-01	7.20570751e-01
1.39130739e-01	5.50159672e-01
1.42029275e-01	3.99512192e-01
1.44927812e-01	2.68161677e-01
1.47826348e-01	1.59082093e-01
1.50724884e-01	7.84378317e-02
1.53623420e-01	2.56097402e-02
1.56521957e-01	6.50573722e-07
1.59420493e-01	1.44972288e-15
1.62319029e-01	1.09437494e-26
1.65217565e-01	6.39539559e-20
1.68116101e-01	4.43619835e-21
1.71014638e-01	7.25727478e-21
1.73913174e-01	4.45526897e-21
1.76811710e-01	1.56719937e-20
1.79710246e-01	7.59981888e-21
1.82608783e-01	4.13144162e-24
1.85507319e-01	1.91287670e-18
1.88405855e-01	1.43180969e-20
1.91304391e-01	6.99451005e-21
1.94202928e-01	2.56335720e-18
1.97101464e-01	2.30568495e-25
2.00000000e-01	1.57660324e-21
