B_loc(T)	f(B_loc)
1.00000000e-06	1.73269208e+01
2.89953623e-03	1.73269208e+01
5.79807246e-03	1.57542704e+01
8.69660870e-03	1.31470311e+01
1.15951449e-02	9.85005121e+00
1.44936812e-02	7.27005405e+00
1.73922174e-02	5.26360416e+00
2.02907536e-02	4.20844158e+00
2.31892899e-02	3.79440881e+00
2.60878261e-02	3.94128936e+00
2.89863623e-02	4.26217382e+00
3.18848986e-02	4.73962656e+00
3.47834348e-02	5.17826419e+00
3.76819710e-02	5.54852372e+00
4.05805072e-02	5.83661192e+00
4.34790435e-02	6.07883823e+00
4.63775797e-02	6.27825622e+00
4.92761159e-02	6.44374473e+00
5.21746522e-02	6.57729313e+00
5.50731884e-02	6.67027792e+00
5.79717246e-02	6.75879949e+00
6.08702609e-02	6.80915270e+00
6.37687971e-02	6.82748739e+00
6.66673333e-02	6.81525704e+00
6.95658696e-02	6.74918118e+00
7.24644058e-02	6.63150872e+00
7.53629420e-02	6.44417595e+00
7.82614783e-02	6.20783103e+00
8.11600145e-02	5.92429262e+00
8.40585507e-02	5.59524960e+00
8.69570870e-02	5.22227451e+00
8.98556232e-02	4.83965620e+00
9.27541594e-02	4.44769023e+00
9.56526957e-02	4.04665321e+00
9.85512319e-02	3.64708327e+00
1.01449768e-01	3.24891703e+00
1.04348304e-01	2.85209411e+00
1.07246841e-01	2.45655694e+00
1.10145377e-01	2.09543561e+00
1.13043913e-01	1.76778392e+00
1.15942449e-01	1.47270317e+00
1.18840986e-01	1.20597467e+00
1.21739522e-01	9.66868434e-01
1.24638058e-01	7.54688276e-01
1.27536594e-01	5.68769499e-01
1.30435130e-01	4.10503160e-01
1.33333667e-01	2.79235846e-01
1.36232203e-01	1.74341700e-01
1.39130739e-01	9.35237242e-02
1.42029275e-01	3.62439335e-02
1.44927812e-01	1.98555024e-03
1.47826348e-01	4.81237760e-13
1.50724884e-01	7.48884057e-18
1.53623420e-01	3.71457438e-17
1.56521957e-01	3.93893479e-17
1.59420493e-01	8.65013519e-17
1.62319029e-01	7.88514027e-17
1.65217565e-01	1.29722257e-18
1.68116101e-01	7.01099198e-16
1.71014638e-01	1.32731894e-16
1.73913174e-01	2.81044425e-16
1.76811710e-01	2.55985867e-17
1.79710246e-01	1.09550092e-16
1.82608783e-01	5.34050970e-16
1.85507319e-01	1.96483869e-18
1.88405855e-01	6.33415251e-17
1.91304391e-01	6.44232121e-17
1.94202928e-01	2.20754061e-20
1.97101464e-01	5.78784159e-16
2.00000000e-01	8.12776326e-17
