B_loc(T)	f(B_loc)
1.00000000e-06	1.81353477e+01
2.89953623e-03	1.81353477e+01
5.79807246e-03	1.70593437e+01
8.69660870e-03	1.53009827e+01
1.15951449e-02	1.30877075e+01
1.44936812e-02	1.11998413e+01
1.73922174e-02	9.57228326e+00
2.02907536e-02	8.43677488e+00
2.31892899e-02	7.66348933e+00
2.60878261e-02	7.20710473e+00
2.89863623e-02	6.91386503e+00
3.18848986e-02	6.76742482e+00
3.47834348e-02	6.67884441e+00
3.76819710e-02	6.57525638e+00
4.05805072e-02	6.48777146e+00
4.34790435e-02	6.39064809e+00
4.63775797e-02	6.28451918e+00
4.92761159e-02	6.14025613e+00
5.21746522e-02	5.96009976e+00
5.50731884e-02	5.73053171e+00
5.79717246e-02	5.43671516e+00
6.08702609e-02	5.10103187e+00
6.37687971e-02	4.72807064e+00
6.66673333e-02	4.31952458e+00
6.95658696e-02	3.89866652e+00
7.24644058e-02	3.46599956e+00
7.53629420e-02	3.04193958e+00
7.82614783e-02	2.64351337e+00
8.11600145e-02	2.26974314e+00
8.40585507e-02	1.91971992e+00
8.69570870e-02	1.59259644e+00
8.98556232e-02	1.29294106e+00
9.27541594e-02	1.01983593e+00
9.56526957e-02	7.72419565e-01
9.85512319e-02	5.65423811e-01
1.01449768e-01	3.97619071e-01
1.04348304e-01	2.67844827e-01
1.07246841e-01	1.75003884e-01
1.10145377e-01	1.02253646e-01
1.13043913e-01	4.90341079e-02
1.15942449e-01	1.48131692e-02
1.18840986e-01	7.87936934e-16
1.21739522e-01	2.03380928e-15
1.24638058e-01	2.02475982e-17
1.27536594e-01	5.09550295e-20
1.30435130e-01	8.57569162e-21
1.33333667e-01	5.43758004e-17
1.36232203e-01	1.17587485e-17
1.39130739e-01	2.14197583e-17
1.42029275e-01	3.04164241e-17
1.44927812e-01	7.60715294e-18
1.47826348e-01	3.96078481e-17
1.50724884e-01	2.81125102e-17
1.53623420e-01	4.56990404e-17
1.56521957e-01	1.00060198e-17
1.59420493e-01	1.83782775e-17
1.62319029e-01	1.84636021e-17
1.65217565e-01	2.52906270e-17
1.68116101e-01	1.79616232e-17
1.71014638e-01	2.10119081e-17
1.73913174e-01	3.38049418e-17
1.76811710e-01	8.34490081e-18
1.79710246e-01	1.26402100e-17
1.82608783e-01	4.96503697e-18
1.85507319e-01	4.46532161e-17
1.88405855e-01	1.97099728e-17
1.91304391e-01	1.78556878e-17
1.94202928e-01	1.68177997e-17
1.97101464e-01	1.54963706e-17
2.00000000e-01	1.46622866e-17
