B_loc(T)	f(B_loc)
1.00000000e-06	3.30582783e+01
2.89953623e-03	3.30582783e+01
5.79807246e-03	3.28394139e+01
8.69660870e-03	3.16878824e+01
1.15951449e-02	2.99145607e+01
1.44936812e-02	2.74475026e+01
1.73922174e-02	2.44254814e+01
2.02907536e-02	2.11089017e+01
2.31892899e-02	1.79530518e+01
2.60878261e-02	1.49378149e+01
2.89863623e-02	1.22971223e+01
3.18848986e-02	9.99345832e+00
3.47834348e-02	8.05200802e+00
3.76819710e-02	6.39796695e+00
4.05805072e-02	5.04801499e+00
4.34790435e-02	3.94124551e+00
4.63775797e-02	3.06137967e+00
4.92761159e-02	2.34312654e+00
5.21746522e-02	1.77692447e+00
5.50731884e-02	1.31824064e+00
5.79717246e-02	9.44727231e-01
6.08702609e-02	6.57907542e-01
6.37687971e-02	4.33354744e-01
6.66673333e-02	2.68201456e-01
6.95658696e-02	1.46405997e-01
7.24644058e-02	6.61292087e-02
7.53629420e-02	1.83064408e-02
7.82614783e-02	5.77787177e-16
8.11600145e-02	4.05510116e-21
8.40585507e-02	1.33566495e-22
8.69570870e-02	9.42484309e-23
8.98556232e-02	8.00503785e-22
9.27541594e-02	1.22317617e-21
9.56526957e-02	4.67893143e-22
9.85512319e-02	3.54336982e-22
1.01449768e-01	4.72496412e-23
1.04348304e-01	2.96755620e-23
1.07246841e-01	6.25647144e-21
1.10145377e-01	1.21395020e-21
1.13043913e-01	2.16901102e-25
1.15942449e-01	3.64582091e-19
1.18840986e-01	1.52721729e-22
1.21739522e-01	1.45373591e-23
1.24638058e-01	5.01219610e-19
1.27536594e-01	2.89480391e-29
1.30435130e-01	1.00348610e-21
1.33333667e-01	5.41414672e-21
1.36232203e-01	2.96747448e-23
1.39130739e-01	2.94000684e-22
1.42029275e-01	5.87601057e-22
1.44927812e-01	8.72801070e-23
1.47826348e-01	8.56229879e-23
1.50724884e-01	9.23342631e-23
1.53623420e-01	1.44548555e-25
1.56521957e-01	9.78138893e-21
1.59420493e-01	3.08186467e-23
1.62319029e-01	4.12994508e-22
1.65217565e-01	4.03320928e-22
1.68116101e-01	9.35272101e-23
1.71014638e-01	2.64728164e-22
1.73913174e-01	6.55014358e-22
1.76811710e-01	9.92061756e-23
1.79710246e-01	2.71381480e-22
1.82608783e-01	1.40318751e-21
1.85507319e-01	1.70570148e-24
1.88405855e-01	7.95843902e-23
1.91304391e-01	1.23631897e-22
1.94202928e-01	1.62511506e-22
1.97101464e-01	7.22827315e-23
2.00000000e-01	8.61218004e-23
