B_loc(T)	f(B_loc)
1.00000000e-06	7.42257961e+01
2.89953623e-03	7.42257961e+01
5.79807246e-03	7.81086526e+01
8.69660870e-03	7.83397747e+01
1.15951449e-02	7.61363555e+01
1.44936812e-02	6.90414003e+01
1.73922174e-02	5.80333982e+01
2.02907536e-02	4.52825121e+01
2.31892899e-02	3.39375764e+01
2.60878261e-02	2.38226345e+01
2.89863623e-02	1.60634759e+01
3.18848986e-02	1.04241225e+01
3.47834348e-02	6.53360061e+00
3.76819710e-02	3.74083479e+00
4.05805072e-02	1.94721700e+00
4.34790435e-02	7.83673289e-01
4.63775797e-02	2.07961094e-01
4.92761159e-02	3.59449367e-14
5.21746522e-02	8.90318913e-15
5.50731884e-02	1.98617033e-14
5.79717246e-02	3.94462328e-14
6.08702609e-02	4.56173874e-14
6.37687971e-02	4.47401481e-14
6.66673333e-02	5.28413240e-14
6.95658696e-02	5.21257654e-14
7.24644058e-02	6.71853946e-14
7.53629420e-02	3.15546380e-14
7.82614783e-02	3.63719395e-14
8.11600145e-02	3.76135595e-14
8.40585507e-02	3.18033584e-14
8.69570870e-02	2.17763264e-14
8.98556232e-02	4.63133634e-14
9.27541594e-02	6.33130777e-14
9.56526957e-02	5.42903822e-14
9.85512319e-02	6.55263945e-14
1.01449768e-01	6.88798769e-14
1.04348304e-01	5.43244038e-14
1.07246841e-01	1.18357776e-13
1.10145377e-01	9.03023790e-14
1.13043913e-01	1.22679969e-13
1.15942449e-01	4.97064578e-14
1.18840986e-01	6.15496118e-14
1.21739522e-01	5.32597256e-14
1.24638058e-01	1.59138038e-14
1.27536594e-01	4.90598602e-14
1.30435130e-01	4.13465283e-14
1.33333667e-01	1.64919300e-14
1.36232203e-01	5.80018514e-13
1.39130739e-01	2.90194988e-13
1.42029275e-01	1.76093869e-12
1.44927812e-01	5.15539285e-15
1.47826348e-01	4.50892714e-13
1.50724884e-01	2.62466816e-13
1.53623420e-01	9.22142384e-17
1.56521957e-01	3.98919403e-11
1.59420493e-01	1.42680717e-15
1.62319029e-01	5.72302733e-12
1.65217565e-01	3.93159169e-17
1.68116101e-01	1.25025917e-15
1.71014638e-01	3.02717692e-14
1.73913174e-01	3.70497142e-14
1.76811710e-01	6.20664727e-14
1.79710246e-01	9.96708899e-14
1.82608783e-01	3.06995928e-13
1.85507319e-01	3.00618719e-14
1.88405855e-01	8.65513307e-14
1.91304391e-01	9.06508821e-14
1.94202928e-01	8.47234049e-15
1.97101464e-01	7.40318781e-13
2.00000000e-01	1.19661964e-13
